2500.0
30000.0
5000.0
4000.0
30000.0
5550.0
2000.0
6000.0
5000.0
6000.0
5500.0
28000.0
11200.0
6500.0
22000.0
3500.0
7000.0
25000.0
16000.0
13000.0
10000.0
13000.0
9600.0
3500.0
16000.0
15000.0
13000.0
23000.0
8000.0
32075.0
12000.0
10000.0
16000.0
3300.0
20000.0
3500.0
12000.0
10000.0
6000.0
25000.0
20000.0
2200.0
25000.0
4000.0
1250.0
10400.0
7500.0
7000.0
25000.0
8000.0
9000.0
9600.0
8000.0
12000.0
20000.0
40000.0
14400.0
22400.0
25000.0
26000.0
25000.0
1000.0
2000.0
9000.0
20000.0
29450.0
34625.0
31450.0
15500.0
12000.0
36000.0
30000.0
3000.0
35000.0
26500.0
4000.0
12000.0
3000.0
8000.0
10250.0
22400.0
27000.0
24000.0
6500.0
25000.0
8000.0
21000.0
10000.0
7500.0
30000.0
3775.0
5600.0
6000.0
16000.0
15000.0
21000.0
25000.0
1000.0
16000.0
8500.0
30000.0
3000.0
16000.0
8000.0
30000.0
6000.0
5000.0
10000.0
20000.0
22650.0
10000.0
24000.0
4000.0
30000.0
11000.0
24000.0
18000.0
18000.0
5525.0
2525.0
32000.0
16000.0
16000.0
18500.0
3000.0
23000.0
1500.0
24000.0
5000.0
25000.0
2500.0
12000.0
9600.0
10000.0
7000.0
8000.0
5000.0
10000.0
8000.0
4000.0
24000.0
25000.0
3000.0
35000.0
8800.0
10500.0
25000.0
5500.0
12000.0
8500.0
35000.0
8250.0
40000.0
20000.0
18000.0
11000.0
12000.0
15000.0
4000.0
32000.0
15000.0
18000.0
13000.0
10000.0
3600.0
22000.0
10450.0
10000.0
10000.0
5000.0
20000.0
17100.0
10475.0
10000.0
7500.0
4000.0
15400.0
35000.0
30000.0
16800.0
25000.0
10000.0
20000.0
35000.0
4000.0
10000.0
4500.0
14000.0
6500.0
29625.0
16000.0
12000.0
35000.0
30000.0
16000.0
24000.0
14000.0
40000.0
24000.0
28000.0
7075.0
1000.0
5400.0
10000.0
10000.0
25000.0
6000.0
7000.0
30000.0
5000.0
15000.0
15000.0
20000.0
20400.0
20000.0
8425.0
21000.0
10000.0
15000.0
24000.0
15000.0
5000.0
30000.0
35000.0
3000.0
1000.0
10000.0
5000.0
16500.0
6000.0
35000.0
34575.0
1200.0
9600.0
4800.0
5000.0
10000.0
7500.0
16000.0
7200.0
27975.0
16000.0
15000.0
9000.0
1000.0
28000.0
10000.0
25000.0
23000.0
25000.0
15000.0
35000.0
5000.0
35000.0
30000.0
6600.0
20300.0
4000.0
10000.0
21000.0
10000.0
3000.0
8000.0
1000.0
5100.0
4000.0
35000.0
4000.0
10000.0
20000.0
22000.0
6600.0
3000.0
35000.0
5000.0
6025.0
21600.0
7000.0
10000.0
18000.0
15000.0
7000.0
4500.0
5000.0
10000.0
6000.0
16000.0
4500.0
5000.0
10000.0
17425.0
10000.0
2000.0
5000.0
1300.0
20000.0
2500.0
5000.0
6000.0
36000.0
16000.0
16000.0
8000.0
2200.0
7000.0
10000.0
14000.0
10000.0
8000.0
8000.0
30000.0
15000.0
16000.0
32500.0
8400.0
20000.0
23000.0
4800.0
40000.0
3600.0
36950.0
15000.0
16800.0
13000.0
31200.0
25000.0
30800.0
16000.0
3600.0
30000.0
1000.0
16000.0
16800.0
6500.0
6500.0
12000.0
11500.0
40000.0
31000.0
20000.0
21000.0
10000.0
8400.0
30000.0
1600.0
13000.0
25000.0
12000.0
2000.0
24000.0
13000.0
15000.0
18000.0
23000.0
12000.0
15000.0
30000.0
20000.0
14425.0
36425.0
5000.0
6000.0
20000.0
12500.0
18000.0
3000.0
3000.0
18000.0
10000.0
4000.0
20000.0
21600.0
5000.0
10000.0
15600.0
19200.0
9375.0
10000.0
4000.0
2700.0
12000.0
16000.0
35000.0
3000.0
10000.0
15450.0
40000.0
7500.0
20500.0
4500.0
19000.0
34800.0
25000.0
11000.0
20075.0
28000.0
15000.0
12000.0
4000.0
5000.0
6025.0
24000.0
1000.0
5000.0
19375.0
15000.0
14400.0
22500.0
15000.0
20000.0
15000.0
10000.0
15000.0
9600.0
10000.0
12000.0
20000.0
24000.0
9000.0
10000.0
12000.0
10000.0
28000.0
7000.0
40000.0
16000.0
12000.0
10000.0
13000.0
40000.0
15000.0
25000.0
11000.0
12000.0
15000.0
38000.0
10000.0
7000.0
25000.0
10500.0
20000.0
6600.0
40000.0
16000.0
10000.0
8000.0
40000.0
40000.0
3000.0
40000.0
8000.0
13000.0
10000.0
40000.0
19200.0
4000.0
16000.0
16000.0
8250.0
40000.0
3000.0
3125.0
21000.0
12000.0
10000.0
16000.0
25000.0
20000.0
11025.0
18400.0
2200.0
12000.0
40000.0
22950.0
16000.0
40000.0
15000.0
15000.0
10000.0
20000.0
4000.0
10000.0
10000.0
16000.0
2000.0
35000.0
20000.0
28000.0
24000.0
15000.0
10000.0
20000.0
9000.0
11000.0
15000.0
21000.0
20000.0
40000.0
35000.0
19000.0
6000.0
7150.0
27200.0
27500.0
7800.0
15000.0
23000.0
8000.0
20000.0
12000.0
5000.0
8000.0
25000.0
25000.0
14225.0
22000.0
15400.0
2500.0
10000.0
20000.0
4800.0
7000.0
22400.0
6000.0
4800.0
20000.0
16000.0
30000.0
18000.0
30000.0
15000.0
20000.0
2200.0
21600.0
18000.0
6000.0
5000.0
14000.0
16000.0
11000.0
40000.0
40000.0
20000.0
12000.0
3000.0
20000.0
5000.0
11000.0
25000.0
4500.0
25000.0
15500.0
4000.0
20000.0
3200.0
8000.0
10000.0
10000.0
4000.0
9500.0
4000.0
25000.0
12000.0
6200.0
5000.0
11000.0
22000.0
10000.0
10000.0
5000.0
10000.0
8000.0
15000.0
17000.0
10000.0
12500.0
12950.0
28000.0
12000.0
20000.0
15000.0
30000.0
30000.0
24000.0
25000.0
13000.0
12000.0
21000.0
30000.0
10000.0
13000.0
5000.0
24000.0
18000.0
30500.0
12500.0
30000.0
9900.0
39500.0
20000.0
30000.0
16000.0
9600.0
10000.0
38000.0
10000.0
25000.0
15000.0
20000.0
24900.0
11000.0
30000.0
10300.0
1700.0
29000.0
5800.0
30000.0
35000.0
6000.0
35000.0
7000.0
32000.0
30000.0
36000.0
32000.0
1950.0
3000.0
14000.0
20000.0
2500.0
26500.0
25000.0
10000.0
10000.0
22000.0
20000.0
10000.0
20000.0
11000.0
24000.0
20000.0
8000.0
25000.0
5000.0
11000.0
10000.0
10450.0
35000.0
30000.0
10000.0
15000.0
10000.0
16000.0
6000.0
8000.0
40000.0
16000.0
4600.0
10000.0
30000.0
13000.0
24000.0
6000.0
11000.0
6500.0
30000.0
40000.0
22400.0
20000.0
20500.0
4500.0
10000.0
10000.0
40000.0
2500.0
10000.0
20500.0
5000.0
9600.0
40000.0
35000.0
12500.0
12000.0
5000.0
15000.0
35000.0
12000.0
3000.0
10000.0
25000.0
14000.0
23000.0
16000.0
12000.0
3500.0
13500.0
4000.0
40000.0
37000.0
10000.0
26000.0
5000.0
38500.0
16000.0
15000.0
5000.0
20000.0
7025.0
15000.0
20000.0
15000.0
28000.0
5000.0
6000.0
30000.0
15000.0
5000.0
32000.0
10000.0
27950.0
20000.0
9500.0
24000.0
2000.0
30000.0
10000.0
8000.0
22000.0
15000.0
3000.0
10000.0
12000.0
7000.0
25000.0
19000.0
16000.0
7200.0
6500.0
14000.0
5300.0
40000.0
11200.0
5600.0
10000.0
13000.0
36000.0
10000.0
5000.0
33000.0
12000.0
12000.0
24000.0
9000.0
12400.0
35000.0
25000.0
5000.0
4000.0
7650.0
6000.0
10000.0
10000.0
12000.0
3000.0
20000.0
20000.0
12000.0
5500.0
24000.0
30000.0
40000.0
9600.0
20000.0
9600.0
11700.0
25000.0
7800.0
28000.0
25000.0
6500.0
40000.0
5000.0
15000.0
19700.0
10000.0
5000.0
30000.0
27000.0
10500.0
9000.0
16000.0
20000.0
8400.0
11000.0
3375.0
5500.0
32625.0
12000.0
35000.0
8000.0
10000.0
20000.0
36000.0
15000.0
17500.0
10400.0
10450.0
3500.0
6000.0
10800.0
8500.0
24000.0
12000.0
10000.0
38800.0
30000.0
40000.0
3500.0
40000.0
15000.0
2800.0
7000.0
25000.0
20000.0
36000.0
10000.0
40000.0
11000.0
11000.0
29050.0
20000.0
10000.0
18000.0
40000.0
15500.0
1000.0
1000.0
12500.0
1000.0
25000.0
5000.0
35000.0
3000.0
1500.0
22000.0
6000.0
6000.0
10000.0
4500.0
16000.0
40000.0
5000.0
12000.0
4000.0
10000.0
16850.0
16000.0
7000.0
6500.0
20000.0
12600.0
4800.0
16000.0
5000.0
31025.0
15000.0
14400.0
15000.0
25000.0
1200.0
5000.0
7000.0
30000.0
3500.0
12700.0
3500.0
24000.0
30000.0
20000.0
11000.0
7500.0
8000.0
9000.0
40000.0
15000.0
35000.0
40000.0
4800.0
18000.0
16000.0
10000.0
16500.0
12000.0
15000.0
8000.0
12500.0
15000.0
15000.0
15000.0
8000.0
25000.0
6000.0
12000.0
40000.0
9000.0
14000.0
15000.0
9500.0
7500.0
5000.0
5000.0
4400.0
6000.0
19000.0
21600.0
32000.0
40000.0
10000.0
11000.0
6000.0
15000.0
15000.0
5000.0
12000.0
6000.0
19000.0
7500.0
20000.0
20000.0
7000.0
10000.0
5000.0
10000.0
15000.0
11200.0
5000.0
8000.0
3600.0
22000.0
32000.0
40000.0
2400.0
6000.0
13500.0
3125.0
35000.0
12000.0
35000.0
12000.0
6000.0
7400.0
22000.0
24825.0
10000.0
4000.0
35000.0
40000.0
16000.0
6000.0
20000.0
23000.0
13000.0
30000.0
15000.0
25000.0
18000.0
30000.0
6500.0
10000.0
5000.0
30000.0
20000.0
10000.0
20000.0
12000.0
12000.0
6025.0
10000.0
15000.0
12000.0
15000.0
40000.0
16000.0
30000.0
4000.0
10000.0
35000.0
21000.0
7000.0
12500.0
35000.0
16375.0
12000.0
15000.0
9000.0
25000.0
30000.0
20000.0
6000.0
29000.0
24000.0
6000.0
8800.0
10000.0
14400.0
9600.0
30000.0
20000.0
10500.0
5400.0
24000.0
28000.0
10000.0
26000.0
40000.0
14000.0
9350.0
27000.0
7500.0
20000.0
15000.0
15000.0
7300.0
17000.0
7000.0
20000.0
35000.0
4000.0
4000.0
26000.0
25000.0
9500.0
18000.0
10000.0
17000.0
10000.0
15500.0
20000.0
17000.0
15000.0
15000.0
7800.0
2400.0
6000.0
20000.0
20000.0
30000.0
20000.0
10000.0
10000.0
11200.0
1900.0
16200.0
15000.0
4300.0
5400.0
25000.0
12000.0
5500.0
40000.0
17000.0
5600.0
36000.0
17000.0
3500.0
10000.0
10000.0
40000.0
2000.0
6000.0
1500.0
8000.0
15000.0
40000.0
11000.0
6025.0
40000.0
18000.0
24000.0
15000.0
27000.0
20000.0
8500.0
16000.0
20000.0
20000.0
5000.0
15000.0
31000.0
18000.0
4000.0
40000.0
10000.0
40000.0
25000.0
15500.0
6000.0
25000.0
10000.0
40000.0
4000.0
25000.0
12000.0
6000.0
9500.0
40000.0
6000.0
16000.0
4000.0
1500.0
2400.0
7000.0
11000.0
10000.0
12000.0
40000.0
25000.0
7500.0
25000.0
30000.0
14000.0
7000.0
13000.0
40000.0
15000.0
25000.0
10000.0
35000.0
16000.0
4800.0
22900.0
20000.0
10000.0
24000.0
40000.0
16000.0
6000.0
18000.0
34000.0
5000.0
1000.0
10000.0
4300.0
16000.0
4000.0
30000.0
2825.0
18000.0
7000.0
20000.0
16875.0
6000.0
12000.0
15000.0
10000.0
5500.0
21000.0
9600.0
12000.0
6000.0
8000.0
3600.0
10000.0
8000.0
19000.0
15000.0
14000.0
20000.0
21000.0
32000.0
16000.0
17000.0
36000.0
16000.0
26000.0
14400.0
28000.0
8000.0
10000.0
11000.0
22000.0
2200.0
25000.0
18000.0
28000.0
24000.0
15000.0
25000.0
11000.0
30000.0
30000.0
16000.0
13000.0
37000.0
5000.0
6000.0
22000.0
5000.0
7200.0
16000.0
11000.0
40000.0
15000.0
4000.0
20000.0
15000.0
10000.0
12000.0
18000.0
25000.0
8000.0
40000.0
17600.0
6000.0
20000.0
40000.0
32000.0
6500.0
22000.0
10000.0
16500.0
23000.0
25000.0
16500.0
9000.0
22000.0
3500.0
6000.0
12000.0
8500.0
28000.0
40000.0
35000.0
10000.0
20000.0
20000.0
12500.0
5000.0
35000.0
13000.0
10000.0
10000.0
10000.0
12000.0
25425.0
5000.0
5000.0
12000.0
8000.0
21000.0
5000.0
18000.0
20000.0
5000.0
25000.0
3600.0
20000.0
2400.0
8000.0
18000.0
15000.0
10000.0
30000.0
36000.0
6000.0
12325.0
10000.0
24000.0
34000.0
36000.0
25000.0
7200.0
10000.0
21800.0
12000.0
15000.0
3000.0
10000.0
5000.0
6500.0
30000.0
10000.0
8000.0
18000.0
3000.0
2500.0
10000.0
11200.0
19000.0
30000.0
12000.0
30000.0
12500.0
12000.0
16000.0
27000.0
12000.0
8000.0
15000.0
15000.0
40000.0
1000.0
9000.0
25000.0
15000.0
5000.0
14000.0
15000.0
3000.0
20000.0
8500.0
4000.0
31000.0
10000.0
13000.0
10000.0
16000.0
8000.0
12000.0
12000.0
40000.0
35000.0
18000.0
20000.0
35000.0
27000.0
8000.0
30000.0
3000.0
11350.0
17000.0
5000.0
4200.0
6000.0
20000.0
10000.0
4000.0
5000.0
10000.0
17000.0
13000.0
27000.0
16000.0
8000.0
9925.0
2500.0
12000.0
5000.0
10000.0
13000.0
17000.0
17000.0
20000.0
10000.0
40000.0
10000.0
24000.0
19000.0
26000.0
15000.0
25000.0
10000.0
2500.0
26000.0
19000.0
5000.0
25000.0
17600.0
10000.0
14000.0
14000.0
35000.0
12600.0
10000.0
8425.0
15000.0
8000.0
5000.0
20000.0
4000.0
8500.0
13000.0
1500.0
19000.0
10000.0
3450.0
32000.0
14500.0
40000.0
35000.0
10000.0
35000.0
10200.0
12000.0
15500.0
12000.0
15000.0
20000.0
15000.0
40000.0
1500.0
10000.0
12000.0
34450.0
25000.0
12000.0
7000.0
6000.0
10000.0
10000.0
8500.0
27000.0
34750.0
12500.0
25000.0
9600.0
6000.0
28000.0
32000.0
13000.0
15000.0
6000.0
10500.0
6000.0
12000.0
15000.0
3500.0
20000.0
1000.0
5000.0
2100.0
15000.0
2000.0
2400.0
21000.0
10000.0
8000.0
36000.0
15000.0
3600.0
12000.0
18000.0
10000.0
40000.0
14500.0
35000.0
1000.0
4000.0
18500.0
15200.0
3000.0
25000.0
10000.0
35000.0
20000.0
7000.0
7200.0
12000.0
10000.0
30000.0
22000.0
5000.0
40000.0
14000.0
30000.0
28500.0
13500.0
3000.0
4000.0
9000.0
5000.0
7000.0
11600.0
7500.0
6250.0
10000.0
30000.0
5500.0
30000.0
8000.0
15000.0
35375.0
24000.0
6000.0
30000.0
17000.0
24000.0
23400.0
30000.0
12000.0
36000.0
11000.0
10000.0
4500.0
20000.0
12000.0
3300.0
7000.0
5000.0
21250.0
4800.0
30000.0
21000.0
5300.0
16000.0
24000.0
20000.0
12000.0
12000.0
30000.0
9000.0
16000.0
3000.0
31200.0
10000.0
8000.0
15000.0
5000.0
16000.0
5000.0
6600.0
15000.0
9000.0
15000.0
3500.0
16000.0
22000.0
10000.0
5000.0
15000.0
18000.0
1200.0
10000.0
12000.0
9000.0
11000.0
2500.0
30000.0
2500.0
4000.0
18000.0
8000.0
15000.0
13000.0
10000.0
15000.0
10000.0
8500.0
3000.0
30000.0
19000.0
12000.0
8000.0
5000.0
40000.0
20000.0
20000.0
20000.0
40000.0
25000.0
12000.0
10000.0
7000.0
5000.0
5000.0
38500.0
12000.0
22000.0
4000.0
22000.0
10000.0
40000.0
8500.0
24000.0
20000.0
10000.0
6400.0
24000.0
4000.0
25000.0
4400.0
28000.0
14700.0
37900.0
5000.0
30000.0
12000.0
13000.0
12000.0
25000.0
20000.0
25000.0
10000.0
10000.0
10000.0
35000.0
3000.0
31200.0
11200.0
20000.0
30000.0
13000.0
5000.0
40000.0
31500.0
35000.0
4100.0
35000.0
4000.0
8500.0
6500.0
20000.0
1400.0
20000.0
26600.0
16000.0
5575.0
19000.0
33600.0
7200.0
12000.0
30000.0
22000.0
8500.0
15000.0
3200.0
13000.0
4000.0
24000.0
20000.0
5500.0
21775.0
8000.0
22400.0
3475.0
30000.0
20000.0
20000.0
12000.0
14000.0
10000.0
11575.0
10500.0
27500.0
18000.0
27000.0
20500.0
40000.0
30000.0
12000.0
40000.0
16000.0
12000.0
16000.0
6500.0
10000.0
30000.0
20000.0
25600.0
15000.0
23000.0
15000.0
3025.0
20000.0
8000.0
35000.0
12000.0
4800.0
1300.0
6000.0
15000.0
2800.0
29350.0
7000.0
9400.0
16000.0
35000.0
20000.0
30000.0
30000.0
20000.0
1600.0
13000.0
12000.0
10000.0
15000.0
28000.0
5500.0
4400.0
16000.0
10000.0
20000.0
15000.0
10000.0
26500.0
35000.0
12500.0
27000.0
25000.0
1500.0
20000.0
10500.0
2500.0
12000.0
11875.0
15000.0
10000.0
40000.0
14000.0
6000.0
1000.0
15000.0
7000.0
30000.0
7200.0
29000.0
22400.0
12000.0
10000.0
6000.0
30000.0
10000.0
10000.0
25000.0
8000.0
20000.0
40000.0
30000.0
6000.0
20000.0
40000.0
1000.0
4500.0
6000.0
6050.0
24000.0
15000.0
10000.0
12000.0
9600.0
20000.0
30000.0
12000.0
9000.0
20000.0
20000.0
8500.0
10000.0
3000.0
10000.0
30000.0
9600.0
5000.0
10000.0
10000.0
8000.0
35000.0
30375.0
5000.0
5500.0
30000.0
19200.0
40000.0
40000.0
20000.0
3600.0
12000.0
24000.0
20000.0
25000.0
10000.0
10000.0
21000.0
20000.0
3000.0
7500.0
26500.0
20975.0
6600.0
40000.0
25000.0
20000.0
5000.0
10000.0
15000.0
32475.0
10000.0
4000.0
20000.0
19800.0
35000.0
2000.0
10000.0
11500.0
40000.0
10000.0
10000.0
3000.0
30000.0
16000.0
15000.0
8750.0
10000.0
21000.0
18500.0
4000.0
10000.0
15000.0
24000.0
18000.0
16000.0
10000.0
20000.0
20000.0
2000.0
15000.0
15000.0
35000.0
10000.0
22000.0
30000.0
15000.0
17000.0
22600.0
6000.0
11000.0
4000.0
9000.0
11000.0
20000.0
26000.0
21000.0
8800.0
11375.0
5500.0
13000.0
14400.0
30000.0
40000.0
30000.0
2500.0
14500.0
26000.0
36000.0
16000.0
10000.0
8400.0
30000.0
30000.0
28000.0
10700.0
5000.0
40000.0
30000.0
8000.0
6800.0
15000.0
1200.0
20000.0
7500.0
40000.0
7000.0
25000.0
11000.0
20000.0
36000.0
6500.0
9000.0
9600.0
8000.0
25000.0
16000.0
11000.0
12000.0
40000.0
10000.0
4500.0
36000.0
10000.0
3000.0
40000.0
25000.0
3500.0
12975.0
12000.0
15000.0
10800.0
7200.0
10000.0
40000.0
26500.0
20000.0
25000.0
31975.0
10000.0
10000.0
20000.0
6300.0
38000.0
15000.0
1800.0
16000.0
40000.0
20500.0
35000.0
20000.0
14000.0
30000.0
9000.0
35000.0
34400.0
19575.0
7000.0
21000.0
4900.0
3000.0
8000.0
40000.0
30000.0
5400.0
8000.0
5000.0
7000.0
18000.0
1000.0
8400.0
25000.0
5000.0
25000.0
40000.0
1500.0
6000.0
3000.0
19500.0
30000.0
15000.0
20000.0
1000.0
20000.0
5000.0
2000.0
15000.0
25000.0
35000.0
25000.0
32000.0
15000.0
19000.0
20000.0
10000.0
20000.0
15000.0
7800.0
5000.0
10000.0
28000.0
25000.0
15000.0
22000.0
36000.0
35000.0
10000.0
16000.0
20000.0
8000.0
7000.0
20000.0
14000.0
11000.0
29750.0
13000.0
6000.0
25600.0
10000.0
39500.0
17500.0
30000.0
8000.0
10000.0
12000.0
14400.0
18000.0
4000.0
35000.0
19000.0
40000.0
5000.0
33500.0
37200.0
23000.0
2000.0
16000.0
6400.0
20000.0
20500.0
15000.0
6300.0
6500.0
4000.0
3000.0
5000.0
8000.0
8500.0
16000.0
16000.0
10000.0
8000.0
40000.0
7000.0
4400.0
26000.0
20000.0
5500.0
16000.0
6000.0
2000.0
20000.0
10000.0
40000.0
11000.0
40000.0
3000.0
30000.0
12000.0
25000.0
4000.0
10000.0
25000.0
5000.0
6400.0
15000.0
30000.0
20000.0
12000.0
24000.0
20000.0
20000.0
16000.0
29575.0
11000.0
31000.0
15000.0
20000.0
23000.0
15000.0
30000.0
1500.0
25000.0
15000.0
10000.0
16000.0
34925.0
12000.0
15000.0
30000.0
14000.0
12000.0
30000.0
10000.0
7200.0
5000.0
27000.0
25000.0
3500.0
33600.0
40000.0
4800.0
14000.0
35800.0
10500.0
8000.0
35000.0
2500.0
15000.0
3000.0
20000.0
5000.0
32000.0
31750.0
13575.0
16000.0
20000.0
14400.0
40000.0
25000.0
15600.0
18000.0
10000.0
20000.0
10000.0
8825.0
6000.0
7475.0
12000.0
10000.0
9000.0
18000.0
20000.0
6000.0
27000.0
35000.0
6000.0
33600.0
6200.0
35000.0
10000.0
5600.0
31000.0
20000.0
9600.0
6000.0
10000.0
30175.0
16000.0
15000.0
40000.0
16500.0
20000.0
16800.0
7000.0
6500.0
35000.0
5000.0
2000.0
8200.0
7200.0
8000.0
9600.0
2500.0
5000.0
25000.0
28800.0
16200.0
12000.0
24000.0
11000.0
25000.0
12000.0
3000.0
30000.0
25850.0
12000.0
19200.0
7500.0
20000.0
20000.0
34000.0
16000.0
20000.0
5000.0
18000.0
4800.0
8000.0
22000.0
10000.0
10000.0
10000.0
5000.0
14000.0
12000.0
25000.0
10000.0
20000.0
8500.0
8000.0
20000.0
10000.0
6000.0
5000.0
7000.0
20000.0
8000.0
15000.0
35000.0
3500.0
3000.0
8500.0
13000.0
24000.0
4000.0
14000.0
9600.0
14000.0
10000.0
21000.0
14500.0
5000.0
32000.0
20000.0
16000.0
10000.0
5100.0
29000.0
3500.0
8000.0
12000.0
35000.0
25000.0
28000.0
40000.0
10000.0
30000.0
20000.0
10000.0
12000.0
10000.0
25000.0
12000.0
30000.0
30000.0
36600.0
4000.0
20000.0
12000.0
10000.0
10000.0
36000.0
10000.0
20000.0
2000.0
2300.0
14500.0
6000.0
10000.0
10000.0
15000.0
9000.0
6000.0
5000.0
30000.0
14000.0
5000.0
35000.0
25000.0
15000.0
20000.0
24000.0
16500.0
5100.0
15000.0
16000.0
7000.0
15000.0
7500.0
2500.0
35000.0
10000.0
14000.0
12000.0
12000.0
1000.0
30000.0
15000.0
15000.0
5000.0
25000.0
5000.0
2500.0
30000.0
16000.0
13400.0
33000.0
2300.0
10000.0
20000.0
25000.0
5000.0
23000.0
5000.0
10000.0
8500.0
10000.0
30000.0
5000.0
25000.0
1500.0
32000.0
30000.0
10000.0
15000.0
15000.0
30000.0
15000.0
6000.0
5000.0
5000.0
19000.0
9200.0
10000.0
10000.0
15000.0
14400.0
24000.0
12500.0
15000.0
40000.0
19000.0
10000.0
15000.0
25000.0
10000.0
12000.0
30000.0
2700.0
20000.0
4500.0
16000.0
7500.0
40000.0
11000.0
28000.0
30000.0
9000.0
6000.0
15000.0
6925.0
26000.0
30000.0
29900.0
15000.0
12000.0
18000.0
20000.0
33000.0
16000.0
20000.0
21500.0
23500.0
18000.0
25000.0
35500.0
10000.0
25000.0
20000.0
30000.0
11000.0
10000.0
10000.0
10000.0
1500.0
16000.0
30000.0
35000.0
15000.0
15600.0
8400.0
32000.0
4000.0
33300.0
8000.0
16800.0
12000.0
10300.0
8000.0
9000.0
32325.0
2750.0
15000.0
28000.0
20000.0
11000.0
12000.0
9000.0
15000.0
7000.0
8000.0
5500.0
3600.0
3200.0
3500.0
10000.0
27000.0
8500.0
35000.0
15000.0
14000.0
16000.0
27000.0
20000.0
20000.0
16000.0
8400.0
8000.0
11000.0
6800.0
30000.0
14000.0
16000.0
18600.0
10000.0
10000.0
15000.0
16000.0
35000.0
18000.0
24000.0
14450.0
20000.0
9500.0
10500.0
20000.0
12800.0
15500.0
15000.0
15000.0
10000.0
1000.0
25000.0
25000.0
7000.0
15000.0
40000.0
14000.0
40000.0
10000.0
15000.0
25300.0
21000.0
40000.0
20000.0
6500.0
12000.0
20000.0
12500.0
10000.0
5850.0
22000.0
26000.0
20000.0
4000.0
4800.0
15000.0
10000.0
10000.0
15000.0
35000.0
10000.0
7000.0
23100.0
5500.0
20000.0
5000.0
40000.0
5000.0
35000.0
20000.0
35000.0
3200.0
16000.0
10000.0
20000.0
27600.0
7500.0
16000.0
15000.0
16000.0
23800.0
32000.0
3300.0
15000.0
13500.0
20000.0
3500.0
16000.0
32000.0
5000.0
21000.0
6025.0
10000.0
10000.0
1600.0
16500.0
14000.0
6000.0
16000.0
40000.0
11000.0
2000.0
18000.0
5000.0
20000.0
35000.0
28000.0
10000.0
5000.0
5000.0
16000.0
13000.0
9125.0
40000.0
10000.0
15000.0
12000.0
25000.0
16000.0
15000.0
4500.0
27500.0
40000.0
12000.0
4000.0
8000.0
10000.0
4800.0
10000.0
12000.0
40000.0
30000.0
13000.0
10000.0
5000.0
15500.0
6000.0
7200.0
6000.0
25000.0
5000.0
21000.0
15000.0
18000.0
10000.0
13500.0
6000.0
7000.0
16000.0
17400.0
3500.0
10000.0
6000.0
18000.0
6025.0
10000.0
22000.0
9100.0
8000.0
24000.0
12500.0
16000.0
21600.0
35000.0
33625.0
35000.0
5000.0
6000.0
20000.0
15700.0
10000.0
10000.0
8000.0
10000.0
2500.0
25000.0
18000.0
25000.0
10000.0
12000.0
18000.0
11250.0
15000.0
25000.0
25000.0
40000.0
10000.0
16000.0
40000.0
18000.0
4000.0
16000.0
12800.0
12000.0
7800.0
20000.0
18000.0
27000.0
4000.0
18000.0
10000.0
4000.0
40000.0
35000.0
18000.0
10000.0
25000.0
10000.0
15000.0
12475.0
10000.0
10000.0
20000.0
4800.0
30900.0
17000.0
30000.0
3025.0
8000.0
25000.0
28000.0
33000.0
13000.0
20000.0
9600.0
18000.0
30000.0
11000.0
3600.0
12000.0
15000.0
30000.0
4000.0
15000.0
6000.0
6000.0
14500.0
5000.0
6000.0
12000.0
16000.0
21000.0
40000.0
11400.0
10000.0
15000.0
13000.0
20000.0
10500.0
10000.0
8000.0
4800.0
6000.0
40000.0
35000.0
3500.0
10000.0
7500.0
35000.0
23000.0
18000.0
10000.0
12000.0
2500.0
6000.0
1900.0
7500.0
3800.0
10000.0
6000.0
5500.0
5500.0
5200.0
10000.0
30000.0
16700.0
40000.0
11000.0
40000.0
5000.0
3000.0
10000.0
20000.0
39000.0
3500.0
20000.0
30000.0
24000.0
15000.0
2000.0
2200.0
20800.0
25000.0
10000.0
6000.0
6000.0
35000.0
9000.0
13000.0
21000.0
25000.0
1200.0
40000.0
12000.0
5000.0
20000.0
20000.0
6000.0
14000.0
32000.0
35000.0
1400.0
5000.0
40000.0
14000.0
32275.0
24000.0
10000.0
25000.0
35000.0
40000.0
5500.0
6500.0
16000.0
15000.0
35000.0
12000.0
15000.0
35000.0
25000.0
30000.0
9500.0
6025.0
13800.0
8000.0
10000.0
13000.0
15000.0
13000.0
16000.0
21600.0
3500.0
24000.0
25000.0
10000.0
37000.0
10000.0
30000.0
10000.0
10000.0
28000.0
1900.0
3000.0
22000.0
13000.0
12000.0
5000.0
6000.0
35000.0
21000.0
3000.0
23000.0
12000.0
33500.0
4800.0
30000.0
10000.0
10000.0
8000.0
14000.0
7000.0
15000.0
15000.0
5000.0
15000.0
3200.0
24500.0
12800.0
14000.0
35000.0
4000.0
20000.0
6000.0
6500.0
19800.0
4000.0
2500.0
11000.0
19500.0
9000.0
40000.0
12000.0
20000.0
15000.0
15000.0
7500.0
13000.0
8000.0
40000.0
40000.0
25000.0
8000.0
40000.0
8000.0
2000.0
19000.0
5000.0
10000.0
4800.0
5000.0
18000.0
1000.0
10000.0
10000.0
10000.0
5000.0
25500.0
35000.0
8000.0
14000.0
18000.0
12000.0
25000.0
4625.0
40000.0
4500.0
17450.0
35000.0
30000.0
18000.0
36000.0
10000.0
24000.0
14000.0
24000.0
2000.0
28000.0
5000.0
20000.0
2000.0
22000.0
10000.0
9800.0
6000.0
23000.0
6000.0
19000.0
14000.0
40000.0
40000.0
5000.0
10000.0
10000.0
6500.0
3600.0
30000.0
15000.0
18000.0
25550.0
7500.0
5000.0
7200.0
10000.0
15000.0
28000.0
8800.0
12800.0
6550.0
18000.0
8400.0
10000.0
24000.0
25000.0
8000.0
15000.0
9350.0
21500.0
5500.0
5000.0
7500.0
6400.0
5500.0
30000.0
30000.0
16000.0
30000.0
12000.0
16000.0
7200.0
4000.0
10000.0
5000.0
8000.0
26000.0
30000.0
4000.0
10000.0
7000.0
12800.0
6000.0
4400.0
10000.0
40000.0
15000.0
1800.0
5000.0
15000.0
20000.0
4150.0
25000.0
13500.0
10000.0
39000.0
18500.0
25000.0
25000.0
12000.0
15000.0
40000.0
12000.0
16000.0
9000.0
12000.0
10000.0
5000.0
1500.0
35525.0
3300.0
35000.0
7000.0
20000.0
21000.0
24000.0
40000.0
4000.0
10000.0
33350.0
16000.0
25000.0
4000.0
28800.0
10000.0
10000.0
13875.0
20000.0
11000.0
28000.0
10000.0
6000.0
15000.0
30000.0
3600.0
12000.0
12000.0
8000.0
15000.0
15000.0
32000.0
37000.0
20000.0
10000.0
38250.0
16000.0
8000.0
10000.0
4000.0
14400.0
18200.0
1000.0
12000.0
12000.0
10000.0
15000.0
20000.0
13500.0
10000.0
12000.0
3500.0
13500.0
11000.0
40000.0
30000.0
28000.0
15000.0
13000.0
40000.0
27000.0
15000.0
20000.0
6000.0
28000.0
34800.0
35000.0
18000.0
4900.0
32000.0
10000.0
35000.0
8000.0
10000.0
20000.0
22000.0
34050.0
12000.0
12000.0
8000.0
12000.0
30000.0
11000.0
9500.0
15000.0
20000.0
15000.0
5000.0
25000.0
15000.0
11400.0
13000.0
20000.0
19550.0
11250.0
3600.0
35000.0
20000.0
10000.0
6000.0
11000.0
40000.0
15000.0
15000.0
30000.0
12000.0
15000.0
25000.0
27000.0
6000.0
4000.0
32000.0
16000.0
12500.0
5000.0
40000.0
10000.0
4200.0
19000.0
8500.0
35000.0
40000.0
4000.0
15000.0
10000.0
20950.0
15000.0
16000.0
19500.0
27000.0
2000.0
20000.0
9600.0
8000.0
39500.0
16000.0
2000.0
40000.0
23000.0
8800.0
20000.0
10000.0
3000.0
40000.0
15000.0
4325.0
15000.0
12000.0
20000.0
15000.0
18000.0
20000.0
15000.0
11000.0
25000.0
20000.0
15000.0
20000.0
10000.0
6000.0
12000.0
10000.0
10000.0
7000.0
30000.0
30000.0
8000.0
40000.0
40000.0
30000.0
3000.0
25000.0
25000.0
20000.0
15000.0
30000.0
10000.0
20000.0
15000.0
10000.0
2000.0
5000.0
9000.0
40000.0
6600.0
15000.0
10000.0
4000.0
40000.0
20000.0
35000.0
35000.0
35000.0
32000.0
30000.0
30000.0
2400.0
13225.0
14500.0
15000.0
20000.0
24000.0
32000.0
30000.0
32000.0
2000.0
20000.0
40000.0
25000.0
25000.0
30000.0
40000.0
34425.0
5000.0
18500.0
7500.0
18975.0
15000.0
24000.0
11000.0
18000.0
5000.0
5500.0
2000.0
7500.0
8500.0
10000.0
34900.0
37800.0
19000.0
10000.0
12800.0
20000.0
3000.0
10000.0
20000.0
15000.0
6000.0
10000.0
21500.0
15000.0
30000.0
30000.0
20000.0
18400.0
6625.0
35000.0
25000.0
20000.0
20000.0
10000.0
10125.0
13000.0
14500.0
35825.0
6500.0
25000.0
23500.0
9000.0
3500.0
10000.0
6000.0
29000.0
12000.0
5000.0
10000.0
12000.0
12000.0
5000.0
30000.0
1000.0
39000.0
20000.0
20000.0
23000.0
11000.0
40000.0
2000.0
30000.0
25000.0
7000.0
37000.0
10000.0
8000.0
10200.0
22000.0
15000.0
10000.0
36000.0
7000.0
40000.0
28475.0
11000.0
40000.0
10000.0
21575.0
10000.0
10000.0
7500.0
6025.0
5000.0
20000.0
11000.0
10000.0
32000.0
25000.0
5000.0
35000.0
13000.0
8500.0
37000.0
40000.0
20000.0
20000.0
15000.0
20000.0
20000.0
20000.0
8500.0
2000.0
40000.0
5000.0
25000.0
14000.0
11500.0
14000.0
9800.0
28500.0
20000.0
10000.0
5000.0
10000.0
15000.0
10000.0
16500.0
3900.0
20000.0
9600.0
19200.0
6000.0
18000.0
19000.0
6500.0
10000.0
4000.0
3000.0
14000.0
4750.0
17000.0
20125.0
10000.0
36000.0
9650.0
21000.0
12600.0
35000.0
10000.0
30000.0
14400.0
6800.0
2500.0
20000.0
12800.0
25750.0
22375.0
4800.0
7800.0
8000.0
40000.0
18000.0
30000.0
32000.0
30000.0
10000.0
8000.0
2000.0
20000.0
1000.0
10000.0
7500.0
20500.0
40000.0
23000.0
18000.0
10000.0
16000.0
28000.0
9000.0
20000.0
15000.0
30000.0
32000.0
2000.0
2000.0
15000.0
40000.0
5000.0
7000.0
9000.0
7000.0
6000.0
25000.0
10000.0
35000.0
9600.0
16000.0
15000.0
6500.0
17500.0
28000.0
30000.0
18000.0
18000.0
12000.0
20000.0
3600.0
8500.0
30000.0
2500.0
7000.0
25575.0
21000.0
5000.0
27000.0
8000.0
20000.0
35000.0
19000.0
8000.0
25500.0
8000.0
11200.0
5000.0
18000.0
35000.0
18000.0
5100.0
28000.0
10000.0
16000.0
30000.0
10000.0
40000.0
12000.0
20000.0
36000.0
10000.0
4000.0
5000.0
40000.0
6500.0
18000.0
8000.0
15000.0
25000.0
10000.0
15000.0
4000.0
12000.0
13000.0
25000.0
20000.0
4200.0
10000.0
20000.0
14000.0
6500.0
5000.0
12000.0
6000.0
40000.0
7500.0
30000.0
6000.0
5000.0
30875.0
11200.0
1000.0
15000.0
4000.0
12000.0
40000.0
40000.0
35000.0
7000.0
11500.0
12000.0
10000.0
10000.0
5000.0
12000.0
10450.0
40000.0
33000.0
18000.0
40000.0
10000.0
11500.0
32000.0
18000.0
11150.0
2000.0
4700.0
10000.0
25000.0
36000.0
9800.0
6000.0
10000.0
5000.0
40000.0
10000.0
10000.0
6500.0
8000.0
16000.0
3000.0
20000.0
25000.0
28000.0
30000.0
6000.0
20000.0
19000.0
6500.0
1000.0
23000.0
8500.0
20500.0
10000.0
6000.0
10000.0
40000.0
26000.0
2750.0
22550.0
1000.0
10000.0
10000.0
13000.0
17000.0
10000.0
25500.0
10000.0
12000.0
21000.0
19200.0
24000.0
3000.0
3000.0
16000.0
5000.0
19000.0
4500.0
8000.0
40000.0
10000.0
20000.0
8000.0
40000.0
9000.0
13675.0
10000.0
40000.0
5000.0
15000.0
6050.0
7000.0
35000.0
12000.0
16000.0
10000.0
10000.0
10000.0
14000.0
5000.0
30000.0
40000.0
15000.0
7500.0
12000.0
5000.0
3000.0
19000.0
18000.0
27000.0
4900.0
5000.0
20000.0
6025.0
13500.0
6500.0
14000.0
22000.0
6000.0
15000.0
25750.0
40000.0
30000.0
20000.0
40000.0
10000.0
25000.0
12800.0
34000.0
9000.0
6000.0
8000.0
40000.0
7200.0
14500.0
15000.0
20000.0
15000.0
33000.0
18000.0
36000.0
30000.0
20000.0
18900.0
20925.0
28500.0
15000.0
8000.0
30000.0
18000.0
40000.0
40000.0
21000.0
16800.0
16000.0
32000.0
21600.0
16000.0
2800.0
11200.0
20000.0
40000.0
12000.0
15000.0
20000.0
5000.0
16000.0
10000.0
7250.0
1000.0
12000.0
20400.0
22025.0
8000.0
16000.0
31150.0
6000.0
15000.0
30000.0
15000.0
23000.0
25000.0
30000.0
40000.0
25000.0
40000.0
40000.0
7500.0
12550.0
10000.0
8000.0
15000.0
28000.0
3600.0
40000.0
1500.0
30000.0
10000.0
40000.0
8525.0
25000.0
20000.0
12000.0
4000.0
7000.0
16000.0
12000.0
25500.0
40000.0
20000.0
6400.0
11200.0
5000.0
30000.0
3500.0
40000.0
3000.0
12000.0
40000.0
10000.0
16000.0
20000.0
10000.0
16000.0
28600.0
25000.0
7200.0
20000.0
28000.0
10000.0
15000.0
20000.0
6400.0
25000.0
14000.0
7000.0
40000.0
40000.0
25000.0
13700.0
20000.0
10000.0
11200.0
8000.0
24000.0
5000.0
10000.0
21000.0
11750.0
7000.0
4500.0
2400.0
10800.0
40000.0
7500.0
24000.0
15000.0
20000.0
14000.0
1000.0
10000.0
32000.0
10000.0
17000.0
30000.0
14400.0
18625.0
20000.0
20000.0
5000.0
12000.0
40000.0
10500.0
10000.0
15000.0
8400.0
6000.0
10600.0
14000.0
10000.0
21000.0
35000.0
9650.0
23000.0
7500.0
30000.0
25000.0
5000.0
4800.0
15000.0
20000.0
19200.0
24000.0
36000.0
10725.0
15250.0
10750.0
16500.0
20000.0
9100.0
4500.0
37825.0
18000.0
17000.0
40000.0
30000.0
1800.0
35000.0
10000.0
16000.0
16000.0
5500.0
5000.0
20000.0
10000.0
15000.0
40000.0
27000.0
10000.0
31000.0
12000.0
40000.0
20000.0
15000.0
20000.0
22000.0
12000.0
10000.0
8000.0
3000.0
21000.0
30000.0
35000.0
19000.0
20000.0
35000.0
15000.0
10000.0
3000.0
12900.0
28000.0
20000.0
1400.0
26000.0
15000.0
35000.0
18000.0
8500.0
7000.0
11000.0
16000.0
20000.0
10000.0
20000.0
6000.0
20000.0
19000.0
36000.0
8400.0
3000.0
2000.0
17600.0
37000.0
20000.0
7000.0
10000.0
2400.0
16000.0
6000.0
5000.0
5000.0
13500.0
5500.0
15000.0
15000.0
20000.0
10000.0
23000.0
2500.0
10000.0
10000.0
7000.0
5000.0
4200.0
18000.0
40000.0
24000.0
6500.0
40000.0
20000.0
18000.0
6400.0
6000.0
11000.0
5000.0
30000.0
15000.0
30000.0
10000.0
4000.0
35000.0
10000.0
40000.0
40000.0
16000.0
5000.0
35000.0
2850.0
5000.0
9900.0
16000.0
10000.0
7950.0
26850.0
20000.0
10000.0
35000.0
35000.0
10000.0
16800.0
2500.0
6400.0
40000.0
15000.0
12000.0
8000.0
1000.0
25000.0
2500.0
15000.0
22500.0
35000.0
10000.0
4000.0
6000.0
20000.0
24000.0
18000.0
20000.0
25000.0
35000.0
12000.0
11200.0
9050.0
40000.0
35000.0
2500.0
5000.0
19000.0
12000.0
10000.0
32000.0
12800.0
25000.0
17000.0
28000.0
20000.0
21000.0
17700.0
40000.0
5000.0
36000.0
10400.0
9000.0
16000.0
35000.0
10500.0
20000.0
10000.0
14400.0
10000.0
12500.0
18000.0
14000.0
3400.0
11000.0
10000.0
8000.0
9025.0
5000.0
5000.0
5000.0
6000.0
19800.0
10000.0
35000.0
12000.0
20000.0
9200.0
15000.0
5000.0
3000.0
10000.0
15000.0
16000.0
10000.0
16000.0
26400.0
9500.0
4000.0
3000.0
20000.0
10000.0
30600.0
16000.0
20000.0
20000.0
7000.0
18500.0
30000.0
30000.0
30000.0
28000.0
10000.0
16000.0
30000.0
21000.0
21000.0
10000.0
4000.0
5000.0
6000.0
30000.0
3600.0
6000.0
25000.0
18000.0
12000.0
10000.0
11000.0
12000.0
12000.0
10000.0
35000.0
4000.0
15000.0
24000.0
5000.0
10000.0
16000.0
30000.0
10000.0
11000.0
32000.0
25000.0
30000.0
30000.0
23325.0
20000.0
3000.0
10000.0
15000.0
38000.0
27200.0
3800.0
16000.0
6000.0
1000.0
10000.0
12000.0
30000.0
36000.0
20000.0
10000.0
40000.0
20000.0
36050.0
4200.0
36000.0
16500.0
24000.0
20000.0
6025.0
10400.0
36500.0
10000.0
13000.0
16075.0
11500.0
2500.0
25825.0
11000.0
5000.0
20000.0
10000.0
9700.0
11000.0
35000.0
6000.0
15000.0
3600.0
12700.0
20000.0
8000.0
18000.0
14000.0
13500.0
2500.0
4000.0
10000.0
21000.0
16000.0
20000.0
10000.0
35000.0
13000.0
12000.0
16800.0
20000.0
6000.0
10000.0
10000.0
9000.0
6000.0
13800.0
12500.0
30000.0
20000.0
14000.0
15000.0
6000.0
35000.0
10000.0
10000.0
23500.0
8000.0
15500.0
40000.0
27000.0
25000.0
25000.0
10000.0
15000.0
35000.0
12000.0
6400.0
16000.0
30000.0
35000.0
8000.0
18000.0
5000.0
10000.0
8000.0
3525.0
4000.0
21200.0
20000.0
10000.0
20000.0
1600.0
5000.0
10000.0
20175.0
11600.0
28000.0
20000.0
10000.0
20000.0
20000.0
25000.0
14350.0
1600.0
23200.0
5000.0
40000.0
1000.0
30000.0
1500.0
1500.0
13000.0
17000.0
40000.0
25000.0
13000.0
8000.0
6000.0
6025.0
15000.0
30650.0
8000.0
22000.0
4000.0
40000.0
12000.0
40000.0
27500.0
2000.0
9600.0
9300.0
17000.0
17500.0
4000.0
7500.0
5000.0
6400.0
14000.0
20000.0
25000.0
17400.0
9000.0
3025.0
5000.0
15000.0
5475.0
15000.0
15000.0
6000.0
14400.0
12000.0
20000.0
3000.0
6500.0
8000.0
36500.0
20000.0
24800.0
11000.0
35000.0
22000.0
10000.0
8000.0
11000.0
25000.0
40000.0
18000.0
4000.0
6400.0
7500.0
10000.0
7500.0
7000.0
25000.0
25000.0
5000.0
20000.0
40000.0
10000.0
4800.0
8000.0
12000.0
10000.0
29300.0
15000.0
9000.0
12000.0
13500.0
6400.0
36000.0
12000.0
15000.0
11200.0
10000.0
7650.0
16500.0
12800.0
15000.0
9500.0
18000.0
20000.0
19000.0
32000.0
22000.0
2000.0
20000.0
16000.0
12000.0
7500.0
39200.0
7200.0
25000.0
10000.0
11000.0
9500.0
10000.0
25000.0
30000.0
20000.0
10000.0
9500.0
2075.0
11200.0
5600.0
15000.0
3000.0
6000.0
20000.0
7500.0
5000.0
9000.0
8000.0
14000.0
30000.0
40000.0
5000.0
8000.0
8000.0
3600.0
20000.0
8000.0
33000.0
12500.0
27000.0
15000.0
30000.0
7500.0
12000.0
10000.0
12500.0
1400.0
6000.0
23050.0
10000.0
8000.0
12000.0
17000.0
7000.0
11000.0
14000.0
12000.0
10000.0
16000.0
6000.0
30000.0
25000.0
22500.0
10000.0
6500.0
24000.0
24400.0
28000.0
12600.0
13000.0
6000.0
10000.0
23200.0
6000.0
5000.0
22000.0
40000.0
5000.0
8000.0
24350.0
40000.0
11000.0
16000.0
32275.0
20000.0
7000.0
30000.0
35000.0
30000.0
32000.0
30000.0
5000.0
35000.0
10000.0
20000.0
7000.0
5100.0
18000.0
4000.0
19750.0
14000.0
18000.0
10000.0
3000.0
30000.0
28000.0
7000.0
18000.0
12000.0
6000.0
5750.0
15000.0
9900.0
32500.0
23000.0
15000.0
15000.0
35000.0
10000.0
10000.0
23000.0
25000.0
35000.0
40000.0
15000.0
1500.0
5500.0
15900.0
15000.0
25000.0
24000.0
15000.0
4800.0
11200.0
35000.0
30000.0
9600.0
25500.0
3500.0
22500.0
5000.0
21000.0
15000.0
13000.0
12000.0
35975.0
19375.0
20000.0
8000.0
9800.0
40000.0
20200.0
2650.0
8000.0
1600.0
10000.0
13000.0
10000.0
20000.0
10000.0
14000.0
6500.0
37775.0
38000.0
25000.0
36500.0
23000.0
6000.0
12000.0
18000.0
5000.0
24000.0
7000.0
12500.0
25000.0
22000.0
32000.0
14000.0
10000.0
5000.0
26825.0
10000.0
10000.0
25000.0
21000.0
20000.0
7000.0
20000.0
25000.0
25000.0
25000.0
30000.0
10000.0
13200.0
19200.0
15000.0
18000.0
30000.0
22325.0
20000.0
10000.0
20000.0
10000.0
25000.0
10000.0
15000.0
16000.0
17000.0
40000.0
15000.0
6000.0
13000.0
30000.0
15000.0
20000.0
1000.0
10000.0
5000.0
10000.0
33925.0
15000.0
25000.0
20000.0
22000.0
13500.0
30000.0
3600.0
25600.0
36000.0
10450.0
15000.0
24025.0
10000.0
6300.0
30000.0
8000.0
7000.0
14400.0
9000.0
3500.0
20000.0
40000.0
15000.0
14950.0
15000.0
32000.0
11000.0
11200.0
20000.0
15000.0
6400.0
12000.0
40000.0
17000.0
25000.0
24000.0
12000.0
35000.0
10000.0
8000.0
14400.0
23500.0
6000.0
26325.0
12750.0
40000.0
38000.0
28000.0
20000.0
12000.0
40000.0
7500.0
8000.0
8000.0
4950.0
6000.0
12000.0
12000.0
16000.0
10000.0
40000.0
40000.0
16000.0
30000.0
2000.0
10000.0
6000.0
18000.0
8000.0
16000.0
30000.0
5500.0
28000.0
19500.0
17000.0
10800.0
10000.0
15000.0
32000.0
11600.0
40000.0
4000.0
20000.0
40000.0
20000.0
26000.0
11500.0
15000.0
6000.0
24000.0
20000.0
2700.0
15500.0
16000.0
11200.0
5500.0
4000.0
3500.0
5000.0
5000.0
15000.0
30000.0
40000.0
7500.0
10000.0
12000.0
19000.0
20725.0
13550.0
8000.0
2750.0
9000.0
27000.0
34100.0
10000.0
9600.0
6000.0
30000.0
12000.0
15000.0
18000.0
30000.0
5000.0
5000.0
30000.0
16000.0
6000.0
2000.0
40000.0
16000.0
4000.0
4800.0
14500.0
25000.0
2500.0
25000.0
8000.0
7400.0
16500.0
16000.0
10000.0
18500.0
21000.0
3800.0
9800.0
13000.0
25000.0
5250.0
4200.0
3000.0
8000.0
6000.0
20000.0
20000.0
10000.0
15500.0
4500.0
15600.0
5000.0
30000.0
10000.0
14000.0
16000.0
10000.0
1200.0
30000.0
20000.0
15000.0
5000.0
5600.0
15525.0
22000.0
18000.0
12000.0
12000.0
13200.0
16000.0
28000.0
15000.0
25000.0
17500.0
11000.0
7000.0
6300.0
6000.0
8000.0
24000.0
5500.0
10000.0
17000.0
10400.0
5000.0
40000.0
40000.0
24000.0
7200.0
4200.0
10000.0
12000.0
20000.0
15000.0
20000.0
11000.0
14000.0
13000.0
21600.0
10000.0
15000.0
35000.0
2000.0
11000.0
18000.0
3000.0
9000.0
11000.0
15500.0
5000.0
10000.0
30000.0
1000.0
14500.0
10800.0
1000.0
12000.0
4200.0
5000.0
23500.0
15500.0
17000.0
7500.0
20000.0
20000.0
25000.0
8000.0
10000.0
30000.0
20000.0
5000.0
30000.0
5000.0
17000.0
10000.0
14000.0
5000.0
7000.0
8000.0
10000.0
20000.0
25000.0
10000.0
10000.0
22000.0
16200.0
4000.0
10000.0
16000.0
8500.0
2900.0
8000.0
24000.0
16000.0
20000.0
16000.0
25000.0
7000.0
30000.0
30000.0
35000.0
13200.0
5600.0
24000.0
20000.0
25000.0
11000.0
15000.0
15000.0
22000.0
35000.0
8000.0
20000.0
6000.0
10000.0
25000.0
29000.0
10000.0
11000.0
6500.0
6000.0
25000.0
25000.0
20000.0
10000.0
40000.0
20000.0
13000.0
10000.0
9000.0
32000.0
10000.0
20000.0
3000.0
2400.0
12800.0
12000.0
7000.0
8000.0
17000.0
10000.0
20000.0
16000.0
10500.0
3000.0
2525.0
10000.0
40000.0
15000.0
1200.0
15000.0
15000.0
15000.0
35000.0
11000.0
15000.0
20000.0
20000.0
5400.0
2500.0
38500.0
10000.0
15000.0
26300.0
15000.0
18000.0
6775.0
21000.0
5000.0
40000.0
20000.0
12000.0
10500.0
26000.0
4000.0
30000.0
30000.0
25000.0
28000.0
12800.0
18000.0
35000.0
3000.0
32000.0
38775.0
16925.0
8800.0
10000.0
7000.0
4900.0
20000.0
20000.0
22000.0
12000.0
35000.0
32000.0
37000.0
25000.0
11200.0
38925.0
11200.0
5000.0
35000.0
16000.0
18000.0
24000.0
32000.0
35000.0
30000.0
35000.0
10000.0
22500.0
5000.0
4000.0
10000.0
4000.0
12000.0
17600.0
20000.0
40000.0
5500.0
17000.0
11000.0
35000.0
10000.0
10850.0
15000.0
6000.0
13000.0
13000.0
20000.0
10000.0
30000.0
12000.0
20000.0
9000.0
31000.0
14000.0
3600.0
10000.0
11500.0
21500.0
9000.0
15000.0
16000.0
30000.0
12000.0
10000.0
1000.0
20000.0
7200.0
8000.0
12000.0
31000.0
6000.0
15000.0
15700.0
10000.0
12000.0
15000.0
6000.0
11000.0
21000.0
18500.0
28000.0
10000.0
15000.0
18000.0
15000.0
15000.0
19000.0
4500.0
19075.0
10000.0
18000.0
20000.0
10000.0
25000.0
40000.0
15000.0
7500.0
16000.0
14000.0
15000.0
24000.0
6000.0
20000.0
5000.0
2500.0
10000.0
40000.0
13000.0
12000.0
24000.0
25000.0
15000.0
5500.0
28000.0
4400.0
33700.0
9750.0
40000.0
14225.0
3600.0
35000.0
15000.0
36000.0
1500.0
14000.0
6475.0
40000.0
6000.0
16000.0
30000.0
20000.0
12000.0
6500.0
10000.0
35000.0
21000.0
10000.0
37725.0
20000.0
4225.0
10000.0
10000.0
25000.0
10000.0
4000.0
10000.0
35000.0
13600.0
20000.0
20500.0
40000.0
23000.0
13000.0
7500.0
22000.0
12000.0
22000.0
10000.0
20000.0
40000.0
14000.0
30000.0
4000.0
5500.0
6000.0
35000.0
18000.0
40000.0
4800.0
29000.0
25000.0
11200.0
12000.0
6500.0
20000.0
22000.0
20375.0
10000.0
20000.0
24000.0
20000.0
20000.0
35000.0
7300.0
25000.0
20000.0
6000.0
9500.0
8600.0
18000.0
6000.0
10000.0
36150.0
5000.0
10000.0
40000.0
10400.0
35000.0
22000.0
40000.0
10000.0
35000.0
15000.0
5000.0
15000.0
21000.0
20000.0
26400.0
12000.0
15000.0
20000.0
3000.0
7500.0
25000.0
25000.0
20000.0
7325.0
12800.0
15000.0
36000.0
27000.0
6000.0
9000.0
11000.0
16000.0
20000.0
16000.0
18500.0
35000.0
20000.0
25000.0
11200.0
25000.0
5000.0
7000.0
40000.0
35000.0
40000.0
1500.0
40000.0
1000.0
20000.0
20000.0
12500.0
15000.0
6500.0
21000.0
15500.0
10400.0
10000.0
26975.0
19000.0
25000.0
16000.0
25000.0
9000.0
6000.0
13000.0
24000.0
5000.0
12000.0
10000.0
5500.0
16000.0
3500.0
1600.0
7000.0
19200.0
10000.0
12000.0
15000.0
8000.0
15000.0
15000.0
20000.0
19500.0
19000.0
30000.0
5000.0
34500.0
35000.0
12000.0
1500.0
30000.0
5000.0
16000.0
3500.0
6000.0
10000.0
5400.0
15000.0
2000.0
12000.0
4500.0
8450.0
9600.0
10000.0
20000.0
20000.0
22000.0
7000.0
6000.0
32800.0
5000.0
30000.0
40000.0
30000.0
7500.0
5000.0
6000.0
5000.0
7500.0
20000.0
40000.0
30000.0
15000.0
30000.0
5000.0
6100.0
30000.0
24000.0
6000.0
6000.0
32000.0
10000.0
5500.0
24000.0
12000.0
8000.0
6000.0
15000.0
8000.0
6000.0
35000.0
40000.0
20000.0
40000.0
10000.0
5000.0
40000.0
3000.0
10000.0
4000.0
40000.0
17000.0
10000.0
40000.0
9000.0
35000.0
30000.0
10000.0
30850.0
12000.0
10000.0
16000.0
40000.0
15000.0
5600.0
12000.0
28000.0
8000.0
16000.0
8000.0
32000.0
35000.0
20000.0
20000.0
26000.0
4000.0
3300.0
8000.0
20000.0
25000.0
18000.0
40000.0
3500.0
21000.0
23000.0
12000.0
5275.0
19200.0
35000.0
40000.0
6000.0
14500.0
6000.0
25000.0
35000.0
24000.0
10000.0
2500.0
20000.0
10000.0
5000.0
14000.0
10000.0
10000.0
16000.0
5500.0
10000.0
6000.0
12000.0
25000.0
11000.0
12000.0
8400.0
4600.0
10500.0
15000.0
30000.0
10000.0
12000.0
17200.0
15000.0
12000.0
21000.0
24000.0
36000.0
10000.0
40000.0
10000.0
13000.0
3500.0
12000.0
20000.0
5500.0
12000.0
5000.0
24000.0
35425.0
37200.0
16000.0
35000.0
21000.0
11000.0
25000.0
40000.0
10200.0
8000.0
8000.0
20000.0
24000.0
6025.0
6250.0
15000.0
20000.0
20000.0
30000.0
36575.0
11000.0
25000.0
15000.0
20000.0
2000.0
35375.0
15000.0
30000.0
6000.0
10325.0
10850.0
20000.0
16000.0
20000.0
30000.0
28000.0
25000.0
35000.0
16000.0
7000.0
35000.0
4600.0
10000.0
6000.0
20000.0
35000.0
10000.0
18000.0
34000.0
10000.0
15000.0
24000.0
12000.0
7200.0
35000.0
25000.0
35000.0
40000.0
5300.0
22000.0
38500.0
5000.0
20500.0
27400.0
9900.0
1200.0
25000.0
6300.0
10000.0
40000.0
10000.0
19000.0
38500.0
6500.0
3000.0
15000.0
25000.0
18000.0
17250.0
19200.0
35000.0
17000.0
23000.0
28000.0
7000.0
3600.0
6500.0
10000.0
10000.0
40000.0
36825.0
28000.0
20000.0
7500.0
13600.0
25000.0
21000.0
20000.0
7000.0
25000.0
10000.0
15000.0
12000.0
22400.0
22100.0
10300.0
12600.0
15000.0
2500.0
20000.0
12000.0
10500.0
3000.0
40000.0
30000.0
20000.0
20000.0
40000.0
10000.0
20000.0
20000.0
15000.0
16000.0
28000.0
13000.0
14400.0
6775.0
4000.0
24000.0
30000.0
7000.0
15000.0
9000.0
15000.0
21800.0
9000.0
11000.0
8000.0
10000.0
40000.0
6600.0
5200.0
4950.0
20000.0
12000.0
15000.0
15400.0
6000.0
16000.0
30000.0
36000.0
5000.0
4600.0
15000.0
10000.0
1800.0
32000.0
24000.0
25000.0
8000.0
21000.0
30000.0
40000.0
9000.0
6000.0
15000.0
40000.0
15000.0
20000.0
10000.0
8000.0
13500.0
10500.0
16000.0
32000.0
10000.0
40000.0
12000.0
13500.0
40000.0
7100.0
3500.0
16000.0
13825.0
5000.0
5000.0
10000.0
5000.0
15000.0
22000.0
22800.0
20000.0
10000.0
24000.0
4200.0
25000.0
3900.0
8000.0
21000.0
15000.0
5400.0
40000.0
12000.0
12000.0
18000.0
20000.0
32000.0
14500.0
12000.0
15000.0
7200.0
10000.0
10000.0
16000.0
12000.0
20000.0
15000.0
3500.0
10700.0
30000.0
10000.0
20000.0
10000.0
5000.0
20000.0
20000.0
40000.0
5000.0
1000.0
36000.0
15000.0
16000.0
5000.0
10000.0
25000.0
13000.0
12000.0
25000.0
15000.0
1000.0
33600.0
10000.0
20000.0
10000.0
12000.0
8000.0
17000.0
1500.0
10000.0
30000.0
2000.0
10000.0
6025.0
30000.0
6000.0
25000.0
7500.0
25000.0
24000.0
6000.0
40000.0
8000.0
4000.0
12000.0
16000.0
4000.0
18000.0
37500.0
3025.0
6500.0
20000.0
15000.0
10000.0
3000.0
14400.0
11125.0
16800.0
10000.0
10000.0
16000.0
38475.0
8000.0
3600.0
15000.0
8000.0
15000.0
5000.0
40000.0
15000.0
32000.0
9600.0
26500.0
2500.0
13000.0
17000.0
33350.0
15000.0
15000.0
5000.0
8000.0
20000.0
10000.0
5000.0
20000.0
35000.0
12000.0
20000.0
20000.0
10000.0
11000.0
5000.0
35000.0
32000.0
16000.0
30000.0
15000.0
20000.0
40000.0
28000.0
10000.0
40000.0
10000.0
13000.0
10000.0
25000.0
10000.0
8150.0
17500.0
5000.0
40000.0
19000.0
34000.0
2800.0
16000.0
10000.0
25600.0
32000.0
40000.0
36000.0
6500.0
25000.0
7000.0
14000.0
7500.0
10000.0
28000.0
20000.0
6000.0
4800.0
15000.0
10000.0
32000.0
5000.0
10000.0
25000.0
3000.0
20000.0
4000.0
35000.0
16000.0
20000.0
13500.0
25000.0
36000.0
13000.0
4800.0
8000.0
25000.0
40000.0
7200.0
21000.0
17000.0
3000.0
7000.0
10000.0
12050.0
6000.0
28000.0
7000.0
26850.0
14000.0
11375.0
30000.0
1500.0
20000.0
15000.0
24000.0
33600.0
26850.0
4000.0
4800.0
20000.0
15000.0
40000.0
11000.0
10000.0
10000.0
17550.0
5000.0
35000.0
25000.0
12000.0
20000.0
19000.0
20000.0
5000.0
17800.0
2400.0
21000.0
40000.0
5000.0
12500.0
7000.0
18925.0
7000.0
40000.0
22000.0
5600.0
20000.0
4000.0
3000.0
8400.0
20000.0
25000.0
20000.0
15000.0
20000.0
5000.0
40000.0
30000.0
8500.0
25000.0
10000.0
6000.0
20000.0
16000.0
35000.0
40000.0
24500.0
10000.0
13800.0
10000.0
20000.0
35000.0
40000.0
1000.0
22000.0
12600.0
29000.0
39000.0
6000.0
3000.0
12000.0
10000.0
7825.0
1800.0
10000.0
30000.0
5000.0
20000.0
7700.0
2500.0
24000.0
10000.0
10000.0
23000.0
18000.0
10500.0
20000.0
11000.0
2000.0
18000.0
17000.0
10000.0
3000.0
7000.0
5000.0
9000.0
20000.0
3200.0
40000.0
24000.0
8000.0
25000.0
9500.0
3000.0
12550.0
11000.0
16000.0
12000.0
10000.0
24000.0
16000.0
2000.0
14500.0
10000.0
30000.0
14000.0
2500.0
16000.0
25150.0
16000.0
8000.0
10000.0
6000.0
20000.0
20000.0
28000.0
35000.0
17000.0
7000.0
16000.0
6500.0
6000.0
14000.0
13000.0
14000.0
10800.0
40000.0
40000.0
15000.0
36000.0
10000.0
12800.0
20000.0
22000.0
28000.0
4000.0
5300.0
6000.0
40000.0
18000.0
6000.0
12000.0
14000.0
7150.0
15500.0
11000.0
12000.0
12300.0
24000.0
30000.0
5000.0
16000.0
35425.0
10000.0
10000.0
13375.0
7000.0
10800.0
10000.0
10000.0
30000.0
36000.0
12000.0
25000.0
1500.0
14500.0
15000.0
15000.0
37000.0
25000.0
18000.0
40000.0
28000.0
10000.0
3000.0
4800.0
16000.0
40000.0
6000.0
8000.0
10000.0
6000.0
7000.0
13500.0
6000.0
12600.0
10000.0
10000.0
25000.0
5000.0
5000.0
3000.0
13675.0
4100.0
8000.0
3000.0
10000.0
5000.0
40000.0
20500.0
10000.0
12000.0
15000.0
12600.0
8900.0
5000.0
32000.0
22000.0
7000.0
10000.0
1000.0
15000.0
12000.0
40000.0
10700.0
16000.0
15000.0
40000.0
7000.0
40000.0
3000.0
20000.0
15000.0
11000.0
20000.0
12000.0
12000.0
24000.0
11000.0
17575.0
4500.0
17000.0
4800.0
26000.0
18000.0
10000.0
1000.0
7000.0
32000.0
23000.0
20000.0
29375.0
10000.0
13500.0
40000.0
3500.0
24000.0
12000.0
25000.0
35000.0
40000.0
25000.0
7000.0
10100.0
5000.0
8500.0
30000.0
35000.0
8500.0
1600.0
12000.0
7500.0
2500.0
7000.0
19500.0
35000.0
10000.0
40000.0
15000.0
1000.0
9500.0
26000.0
40000.0
12000.0
22000.0
25000.0
15000.0
20000.0
22000.0
14000.0
10000.0
6000.0
4000.0
10000.0
25000.0
15000.0
20000.0
24000.0
25000.0
25000.0
20975.0
40000.0
3000.0
30000.0
18000.0
16000.0
40000.0
5000.0
20000.0
3750.0
27000.0
40000.0
40000.0
28000.0
26600.0
20000.0
16675.0
15000.0
28700.0
15000.0
20000.0
1000.0
15000.0
6000.0
4000.0
5000.0
12800.0
16000.0
15000.0
20000.0
4300.0
30000.0
15000.0
35325.0
3775.0
17500.0
13000.0
7000.0
25000.0
21000.0
10000.0
30000.0
29000.0
39000.0
6000.0
18000.0
20000.0
30000.0
10000.0
40000.0
30000.0
7000.0
24800.0
20000.0
11500.0
7100.0
35500.0
4600.0
30525.0
17800.0
40000.0
16000.0
20000.0
10000.0
9575.0
28000.0
20000.0
10000.0
5650.0
2800.0
9600.0
20000.0
20000.0
20000.0
10000.0
40000.0
20000.0
9600.0
10000.0
15000.0
6500.0
9000.0
14000.0
2000.0
14000.0
10000.0
29350.0
20000.0
10000.0
12000.0
4800.0
30000.0
12000.0
15000.0
10000.0
10000.0
40000.0
3100.0
24000.0
40000.0
40000.0
24000.0
3600.0
29000.0
20000.0
6000.0
5000.0
35000.0
13800.0
8000.0
25000.0
6500.0
12000.0
12000.0
7500.0
15000.0
10000.0
25000.0
12000.0
18000.0
9350.0
24000.0
3000.0
1600.0
13600.0
8000.0
1200.0
24000.0
26800.0
23000.0
4200.0
40000.0
3500.0
15000.0
36250.0
18800.0
16800.0
5500.0
40000.0
25000.0
20500.0
20000.0
7200.0
18000.0
9600.0
15000.0
32000.0
8000.0
20000.0
11350.0
30000.0
7200.0
5000.0
6000.0
37000.0
19000.0
15000.0
10000.0
40000.0
20000.0
15000.0
10000.0
30000.0
8000.0
29650.0
10000.0
9200.0
35000.0
4800.0
7000.0
35000.0
6000.0
16000.0
10000.0
19200.0
2000.0
5000.0
25600.0
6500.0
10500.0
10000.0
15500.0
10000.0
14000.0
5000.0
20000.0
15000.0
11200.0
20000.0
20000.0
5000.0
17000.0
20000.0
12000.0
7700.0
21000.0
3000.0
25000.0
21000.0
10000.0
6000.0
7200.0
5000.0
40000.0
10500.0
3000.0
4000.0
24000.0
10000.0
15000.0
10000.0
15000.0
40000.0
24000.0
4050.0
28000.0
35000.0
14200.0
10000.0
15000.0
10000.0
22900.0
16000.0
35000.0
10000.0
24975.0
7000.0
35000.0
15000.0
40000.0
8000.0
40000.0
19000.0
30000.0
3000.0
17000.0
10500.0
8000.0
25000.0
1500.0
18000.0
13525.0
10000.0
9000.0
21200.0
10000.0
10000.0
5000.0
17000.0
30000.0
3000.0
20000.0
25000.0
24000.0
40000.0
10000.0
40000.0
15000.0
18000.0
40000.0
37000.0
20000.0
9600.0
30000.0
9800.0
25000.0
9000.0
35000.0
8000.0
8400.0
10500.0
9900.0
10000.0
12000.0
27000.0
10000.0
24000.0
11000.0
35000.0
16000.0
12000.0
10500.0
10000.0
5500.0
40000.0
40000.0
27000.0
15000.0
6000.0
24000.0
20800.0
30000.0
6000.0
8000.0
25000.0
2500.0
35000.0
5000.0
20000.0
40000.0
15000.0
16000.0
28000.0
5000.0
16500.0
25000.0
10000.0
8000.0
9000.0
10500.0
32000.0
30000.0
25000.0
25000.0
15000.0
20000.0
30000.0
3000.0
14000.0
8000.0
18000.0
4800.0
7200.0
11000.0
7000.0
12000.0
35000.0
26400.0
35000.0
15000.0
30950.0
10000.0
10000.0
25000.0
3000.0
16000.0
25000.0
10000.0
14000.0
9000.0
20000.0
25000.0
6000.0
6000.0
39000.0
5000.0
6000.0
10000.0
10000.0
10000.0
6000.0
21000.0
2800.0
15000.0
10000.0
12000.0
30000.0
13000.0
2500.0
15000.0
16000.0
4500.0
12200.0
6000.0
10000.0
30000.0
20000.0
4000.0
25000.0
30000.0
15000.0
5000.0
4800.0
10000.0
35000.0
12000.0
10200.0
7200.0
28425.0
24000.0
20000.0
12000.0
9000.0
26000.0
10000.0
11000.0
34975.0
13500.0
5000.0
5800.0
11000.0
30000.0
24000.0
20000.0
5000.0
40000.0
15000.0
10000.0
3600.0
10000.0
15000.0
8000.0
1200.0
36000.0
8000.0
11000.0
10000.0
3000.0
30000.0
10000.0
4000.0
1000.0
10000.0
12000.0
20000.0
8000.0
11000.0
15600.0
9600.0
13000.0
15000.0
10000.0
40000.0
6500.0
5000.0
40000.0
12000.0
19525.0
12000.0
3600.0
20000.0
10000.0
30000.0
11000.0
12000.0
20000.0
28000.0
20000.0
18000.0
10000.0
40000.0
20000.0
20000.0
5000.0
20000.0
11000.0
7500.0
25000.0
24000.0
20000.0
30000.0
24000.0
12000.0
5000.0
40000.0
17600.0
22000.0
7200.0
5000.0
35000.0
21000.0
30000.0
25000.0
10400.0
32100.0
30500.0
20000.0
10200.0
15000.0
9000.0
15000.0
22500.0
20000.0
20000.0
6025.0
2000.0
30000.0
5000.0
7500.0
6000.0
11200.0
10000.0
30000.0
10000.0
10000.0
25000.0
6000.0
12000.0
10000.0
15000.0
10400.0
32550.0
30000.0
20000.0
8700.0
20000.0
13000.0
16800.0
6000.0
15000.0
15000.0
15000.0
12000.0
8000.0
40000.0
30000.0
16500.0
11500.0
5000.0
5000.0
20000.0
7500.0
5000.0
13300.0
16800.0
30000.0
20000.0
20000.0
13000.0
12000.0
7500.0
2000.0
3000.0
2500.0
20000.0
5000.0
3600.0
20000.0
10000.0
25200.0
15000.0
16000.0
35000.0
7600.0
12000.0
16800.0
17000.0
20000.0
5250.0
7000.0
5000.0
27000.0
16000.0
30000.0
10000.0
6000.0
15000.0
10000.0
8000.0
6000.0
15000.0
3000.0
12000.0
19200.0
3600.0
28000.0
16000.0
25000.0
30000.0
40000.0
8000.0
38000.0
20000.0
5575.0
14000.0
16000.0
25000.0
20000.0
10000.0
17000.0
10000.0
4650.0
10000.0
12000.0
8000.0
5000.0
26250.0
40000.0
35000.0
5000.0
30000.0
15000.0
6000.0
5000.0
14000.0
16000.0
2000.0
2000.0
7000.0
16000.0
10000.0
7000.0
5875.0
25000.0
30000.0
8000.0
15000.0
12000.0
10000.0
5400.0
6000.0
15000.0
25000.0
17000.0
15000.0
10500.0
19500.0
25000.0
11200.0
16000.0
19200.0
5000.0
15000.0
10000.0
36000.0
12000.0
10000.0
11200.0
13000.0
10000.0
10000.0
15000.0
20400.0
4000.0
30000.0
8500.0
4800.0
15000.0
7200.0
8000.0
2000.0
15000.0
12725.0
35000.0
6000.0
8000.0
35000.0
19500.0
10000.0
8000.0
8000.0
12000.0
12000.0
25000.0
20000.0
7000.0
26000.0
10000.0
11050.0
20000.0
10000.0
10000.0
20000.0
24000.0
10000.0
24000.0
6000.0
21000.0
5000.0
16000.0
10000.0
15000.0
40000.0
15000.0
15500.0
12000.0
20000.0
5000.0
20000.0
6500.0
5000.0
8000.0
27575.0
9800.0
33000.0
3000.0
25000.0
20325.0
20000.0
8500.0
20000.0
16000.0
10000.0
39500.0
9000.0
3000.0
10000.0
10000.0
30000.0
40000.0
40000.0
25000.0
32000.0
12000.0
16000.0
35000.0
24000.0
30000.0
13600.0
35000.0
20000.0
5000.0
10000.0
12000.0
20000.0
8000.0
24000.0
12000.0
20000.0
2000.0
30000.0
8000.0
10000.0
5925.0
25000.0
5000.0
35000.0
6000.0
10800.0
6100.0
30000.0
13000.0
15000.0
20000.0
20000.0
15950.0
1400.0
9000.0
4200.0
10000.0
4000.0
7500.0
3400.0
15000.0
7000.0
40000.0
25000.0
5000.0
9500.0
10000.0
10000.0
20000.0
4000.0
7000.0
15000.0
10000.0
25000.0
1000.0
4500.0
30000.0
1600.0
10000.0
10000.0
6000.0
10000.0
32000.0
5400.0
10000.0
2100.0
5000.0
20925.0
4000.0
12000.0
18000.0
6000.0
3000.0
8000.0
22000.0
25600.0
36000.0
16000.0
12500.0
40000.0
36000.0
15000.0
35000.0
5000.0
14400.0
15000.0
23000.0
7200.0
35000.0
25000.0
10000.0
38750.0
10000.0
5000.0
38000.0
29250.0
27000.0
25000.0
12000.0
25000.0
25000.0
20000.0
25000.0
1800.0
18000.0
5000.0
12800.0
15000.0
2000.0
10000.0
15000.0
25000.0
12000.0
11400.0
35000.0
25000.0
13000.0
8000.0
30000.0
20000.0
8000.0
14500.0
3600.0
24500.0
15000.0
16000.0
4000.0
37000.0
22000.0
20000.0
20625.0
40000.0
32000.0
20000.0
40000.0
20000.0
13000.0
35000.0
20000.0
25000.0
15000.0
25000.0
36000.0
30000.0
7200.0
28000.0
10000.0
5000.0
9500.0
30000.0
10000.0
30000.0
14000.0
3600.0
18000.0
16000.0
37800.0
2400.0
32000.0
8600.0
22000.0
16000.0
20000.0
17000.0
27000.0
12000.0
30000.0
16000.0
18000.0
8000.0
20000.0
10500.0
24000.0
4200.0
40000.0
8000.0
10000.0
30000.0
10000.0
5000.0
10000.0
18000.0
30000.0
25000.0
11000.0
2500.0
16000.0
18000.0
14000.0
14000.0
9000.0
20000.0
8000.0
15000.0
24000.0
18500.0
15000.0
3700.0
2000.0
7375.0
5500.0
10000.0
25000.0
32000.0
20000.0
40000.0
11000.0
20000.0
10000.0
20000.0
40000.0
21000.0
16000.0
13000.0
32000.0
10000.0
24000.0
22000.0
30000.0
3625.0
35000.0
19000.0
10000.0
7000.0
16000.0
35000.0
2400.0
17500.0
5000.0
15000.0
5000.0
15000.0
20000.0
6000.0
6600.0
10000.0
3500.0
20000.0
12000.0
6000.0
2000.0
35000.0
15000.0
6000.0
33625.0
21000.0
25600.0
16000.0
20000.0
5500.0
10000.0
7000.0
11400.0
40000.0
24000.0
15000.0
4300.0
30000.0
10000.0
20000.0
11500.0
7500.0
10000.0
20000.0
20000.0
10000.0
40000.0
10000.0
16000.0
16000.0
40000.0
25000.0
30000.0
3100.0
6000.0
28000.0
24000.0
2700.0
11200.0
5000.0
5500.0
20000.0
21000.0
7500.0
20000.0
7000.0
35000.0
15000.0
35000.0
28000.0
9600.0
6000.0
11200.0
22400.0
32000.0
12600.0
10000.0
5000.0
12000.0
3000.0
24000.0
5000.0
25000.0
3000.0
12000.0
20000.0
30000.0
20000.0
6000.0
8000.0
10000.0
30800.0
5000.0
20000.0
21000.0
5000.0
10000.0
6000.0
36000.0
15000.0
5000.0
8000.0
14000.0
20000.0
20000.0
19800.0
30000.0
36000.0
10000.0
5000.0
23000.0
10000.0
15000.0
40000.0
10000.0
15000.0
6000.0
10000.0
5800.0
9000.0
6000.0
22000.0
4000.0
11000.0
17000.0
10000.0
8000.0
32000.0
15000.0
40000.0
22000.0
21000.0
5000.0
7000.0
8500.0
16000.0
40000.0
20000.0
16000.0
5500.0
15000.0
3000.0
40000.0
20000.0
10000.0
21000.0
13000.0
5000.0
5000.0
26725.0
14000.0
4800.0
7925.0
10000.0
6000.0
12000.0
2500.0
20000.0
8000.0
20000.0
2000.0
8000.0
25000.0
2500.0
7000.0
21000.0
7000.0
40000.0
28000.0
18000.0
35800.0
10000.0
5000.0
25000.0
15000.0
30000.0
11500.0
3000.0
8000.0
20000.0
28000.0
5125.0
24000.0
8200.0
30000.0
18000.0
15000.0
26000.0
10000.0
20000.0
9000.0
12000.0
16000.0
8000.0
8500.0
16000.0
14000.0
8800.0
8000.0
8500.0
30000.0
20000.0
18000.0
21000.0
19200.0
22000.0
30000.0
25000.0
12250.0
5000.0
5000.0
2500.0
40000.0
21000.0
20000.0
4000.0
40000.0
15000.0
10000.0
40000.0
22000.0
15000.0
2500.0
20000.0
20000.0
10650.0
23000.0
16000.0
30000.0
12800.0
15000.0
14000.0
40000.0
15000.0
10000.0
16000.0
10000.0
35000.0
12000.0
27500.0
15000.0
7300.0
10000.0
5000.0
20000.0
27275.0
12000.0
20000.0
40000.0
3400.0
14000.0
4000.0
40000.0
1000.0
8000.0
2000.0
30000.0
24000.0
20000.0
16000.0
10000.0
30000.0
14000.0
25000.0
12000.0
25000.0
10000.0
7500.0
35000.0
2500.0
11000.0
9000.0
10000.0
7000.0
12000.0
17000.0
10000.0
5000.0
40000.0
15000.0
7500.0
3000.0
35000.0
9600.0
4000.0
4675.0
24000.0
30000.0
10400.0
2000.0
16000.0
20000.0
1925.0
16000.0
36500.0
4000.0
15000.0
27000.0
20000.0
22400.0
3500.0
10000.0
5000.0
35000.0
4000.0
25000.0
4000.0
6000.0
2000.0
16000.0
35000.0
5000.0
10500.0
30000.0
25000.0
9775.0
3500.0
8400.0
13000.0
10000.0
10000.0
18725.0
30000.0
25000.0
10000.0
30000.0
28000.0
4250.0
4500.0
7500.0
15000.0
1850.0
6000.0
6000.0
40000.0
23000.0
5000.0
30000.0
35000.0
10500.0
8000.0
25000.0
21000.0
22800.0
20000.0
16400.0
10000.0
20000.0
2000.0
6000.0
5500.0
10000.0
20000.0
32000.0
12000.0
16000.0
10000.0
7000.0
40000.0
16500.0
12000.0
9000.0
27600.0
12800.0
24000.0
10000.0
10000.0
5000.0
7000.0
7000.0
4800.0
10000.0
12000.0
6825.0
7750.0
29675.0
7000.0
10000.0
4000.0
16000.0
10000.0
10000.0
40000.0
22250.0
4000.0
15000.0
18000.0
8000.0
30000.0
20000.0
15000.0
10800.0
30000.0
20000.0
20000.0
6600.0
10000.0
10000.0
10000.0
27000.0
6000.0
8000.0
8000.0
5000.0
4800.0
12600.0
37900.0
11000.0
30000.0
10000.0
20000.0
15000.0
9500.0
1000.0
10000.0
10000.0
23000.0
14000.0
30000.0
24725.0
20000.0
7000.0
17000.0
12000.0
15600.0
18050.0
30000.0
12000.0
22000.0
19500.0
28000.0
2800.0
10000.0
12000.0
25000.0
10000.0
20000.0
10000.0
5000.0
6025.0
5500.0
25000.0
35050.0
10000.0
12000.0
12000.0
10000.0
12000.0
23000.0
6250.0
6200.0
8000.0
4000.0
25000.0
5000.0
16000.0
5000.0
29000.0
20000.0
17000.0
2800.0
10000.0
9000.0
8000.0
25000.0
26375.0
18000.0
9750.0
7500.0
8000.0
29000.0
16000.0
13000.0
6000.0
27000.0
26400.0
24000.0
9600.0
20000.0
3000.0
22800.0
10000.0
25000.0
35000.0
20000.0
5000.0
20500.0
8400.0
20000.0
24000.0
20000.0
8000.0
5000.0
11200.0
18000.0
1000.0
22600.0
15000.0
20000.0
17000.0
18000.0
35000.0
17450.0
30000.0
24000.0
10000.0
27500.0
28000.0
10000.0
10000.0
32000.0
27800.0
15000.0
3000.0
22000.0
15000.0
3000.0
5000.0
10000.0
11575.0
40000.0
15000.0
5500.0
16500.0
15000.0
30000.0
13500.0
7500.0
8000.0
15000.0
2500.0
35000.0
10000.0
7000.0
27450.0
6400.0
22000.0
24000.0
10000.0
16000.0
29875.0
20000.0
15500.0
4000.0
10000.0
10000.0
21600.0
9600.0
25000.0
12000.0
4000.0
17600.0
8000.0
4200.0
4800.0
5000.0
20000.0
30000.0
6000.0
15500.0
6000.0
15000.0
12000.0
10000.0
13000.0
16000.0
14400.0
18000.0
4000.0
10200.0
2400.0
2000.0
8000.0
20000.0
21000.0
40000.0
1800.0
18000.0
6025.0
30000.0
10000.0
2400.0
35000.0
15000.0
10000.0
20000.0
7000.0
20000.0
18000.0
30000.0
10000.0
35000.0
15000.0
40000.0
40000.0
4000.0
40000.0
1500.0
2000.0
7400.0
20000.0
24000.0
4575.0
12000.0
8000.0
25000.0
35000.0
15000.0
16000.0
11000.0
20000.0
10000.0
5200.0
12000.0
16000.0
10000.0
1000.0
7000.0
40000.0
10000.0
8000.0
12000.0
2400.0
7000.0
25000.0
10200.0
10000.0
3000.0
30000.0
35000.0
16000.0
9000.0
20000.0
4000.0
4000.0
16000.0
12000.0
28000.0
8400.0
15000.0
10000.0
40000.0
20000.0
30000.0
2000.0
5000.0
12000.0
18000.0
20000.0
34000.0
20000.0
12000.0
3000.0
30000.0
16000.0
12000.0
22000.0
30000.0
24000.0
20000.0
6000.0
25000.0
2200.0
8500.0
20000.0
8000.0
30000.0
10000.0
10600.0
7000.0
4000.0
1500.0
12000.0
8000.0
12000.0
12000.0
30000.0
10000.0
10000.0
10500.0
7000.0
35500.0
10000.0
32400.0
40000.0
25000.0
12000.0
10000.0
20000.0
20000.0
20000.0
10000.0
9600.0
10000.0
21650.0
28700.0
10000.0
15000.0
4000.0
20500.0
10000.0
5000.0
30000.0
7000.0
40000.0
32000.0
6000.0
12000.0
12000.0
10000.0
7200.0
5000.0
20000.0
10000.0
12000.0
2400.0
3150.0
35000.0
35000.0
15000.0
15000.0
10000.0
30000.0
12025.0
17000.0
20000.0
9650.0
7000.0
37000.0
8000.0
3200.0
25000.0
35000.0
17000.0
5000.0
30000.0
29000.0
8400.0
9000.0
15000.0
1000.0
32000.0
8500.0
35000.0
13500.0
2000.0
32000.0
25000.0
5000.0
16000.0
1500.0
15000.0
20000.0
18000.0
21000.0
40000.0
15000.0
5350.0
40000.0
25000.0
32400.0
2000.0
25225.0
26500.0
5000.0
11000.0
8400.0
40000.0
40000.0
11000.0
15000.0
7400.0
1400.0
23000.0
20800.0
5000.0
35500.0
9000.0
30000.0
22400.0
10000.0
7000.0
21000.0
25000.0
14000.0
5000.0
12000.0
5000.0
5600.0
20000.0
32000.0
7000.0
15000.0
18000.0
8500.0
20000.0
12000.0
12000.0
35000.0
5500.0
6400.0
17000.0
2300.0
10000.0
30000.0
12500.0
15000.0
18000.0
6000.0
15350.0
15000.0
10000.0
8000.0
23000.0
30000.0
40000.0
3000.0
7700.0
10000.0
8500.0
12800.0
10000.0
40000.0
5000.0
4000.0
5000.0
18000.0
25000.0
13000.0
16000.0
20000.0
8000.0
8000.0
40000.0
14000.0
4000.0
10000.0
12000.0
11200.0
21000.0
15000.0
16000.0
25000.0
20000.0
3300.0
13000.0
40000.0
20000.0
12000.0
40000.0
16000.0
20000.0
6000.0
4500.0
16000.0
12000.0
6000.0
22000.0
7500.0
5000.0
2800.0
40000.0
7500.0
15000.0
10000.0
30000.0
3500.0
9600.0
10000.0
15000.0
10000.0
25000.0
3500.0
20000.0
5000.0
9800.0
9000.0
20000.0
40000.0
30000.0
27350.0
25000.0
2000.0
15000.0
15000.0
15000.0
12800.0
10000.0
20000.0
9600.0
8000.0
20000.0
10000.0
10000.0
35000.0
5000.0
30000.0
5500.0
21000.0
26000.0
6000.0
30000.0
2000.0
10000.0
5000.0
13500.0
14000.0
25000.0
25000.0
4800.0
10000.0
10000.0
6000.0
10000.0
30000.0
14000.0
15000.0
10000.0
5000.0
24000.0
20000.0
1500.0
11950.0
10000.0
7000.0
10500.0
3000.0
3075.0
10000.0
5000.0
15000.0
39000.0
21000.0
10000.0
7500.0
28000.0
20000.0
40000.0
10000.0
10000.0
24000.0
13000.0
40000.0
40000.0
8000.0
16000.0
12000.0
11200.0
18000.0
6000.0
25000.0
7200.0
10000.0
5000.0
2000.0
5200.0
4800.0
9600.0
1000.0
30000.0
30000.0
1500.0
10000.0
15000.0
9600.0
22000.0
14500.0
10000.0
18000.0
8000.0
3000.0
25000.0
20000.0
4800.0
35000.0
12000.0
8000.0
3000.0
10000.0
27000.0
6000.0
8075.0
8500.0
10000.0
7000.0
9800.0
7500.0
10000.0
7600.0
5500.0
10000.0
15000.0
7000.0
25000.0
6000.0
20000.0
21000.0
24000.0
6000.0
25000.0
2000.0
18000.0
5600.0
25000.0
6000.0
2100.0
12000.0
24000.0
3000.0
10000.0
36000.0
17000.0
30000.0
10000.0
10000.0
20000.0
15000.0
3000.0
10000.0
15000.0
10000.0
10000.0
25000.0
5500.0
4800.0
5000.0
35000.0
15000.0
5000.0
30000.0
10500.0
20000.0
25000.0
7000.0
11000.0
11000.0
10000.0
10000.0
5000.0
10400.0
20000.0
6000.0
15200.0
20000.0
25000.0
12000.0
10000.0
9500.0
2200.0
35000.0
3000.0
20000.0
15000.0
2700.0
40000.0
17000.0
1000.0
15000.0
18000.0
10000.0
16000.0
25000.0
25000.0
6400.0
4000.0
10000.0
10000.0
20000.0
1000.0
5000.0
8500.0
15000.0
6000.0
3000.0
12000.0
19200.0
24000.0
16000.0
14000.0
32000.0
30000.0
30000.0
4200.0
4000.0
6000.0
25000.0
3700.0
14000.0
9000.0
10000.0
35000.0
8000.0
5000.0
10000.0
20000.0
7000.0
3000.0
35000.0
25000.0
29600.0
6000.0
5500.0
15000.0
10000.0
5000.0
30500.0
7200.0
18000.0
30925.0
15000.0
22000.0
25000.0
23800.0
33825.0
8000.0
35000.0
25000.0
40000.0
13500.0
10000.0
4000.0
32000.0
10000.0
24000.0
24000.0
10000.0
6000.0
24000.0
7500.0
15000.0
20000.0
5200.0
10000.0
10000.0
35000.0
4000.0
9000.0
32000.0
7000.0
20000.0
2800.0
25000.0
6000.0
15000.0
6000.0
10000.0
6700.0
3200.0
9000.0
3000.0
15000.0
10000.0
12000.0
24000.0
24000.0
30000.0
40000.0
10000.0
5000.0
7150.0
5000.0
12000.0
10000.0
10000.0
5000.0
14000.0
7200.0
12000.0
8000.0
20000.0
28000.0
3500.0
20000.0
12000.0
32000.0
15000.0
8000.0
25000.0
12000.0
8000.0
14400.0
15000.0
4500.0
30000.0
2800.0
10000.0
9600.0
10000.0
10000.0
20000.0
10000.0
10550.0
12000.0
29025.0
4000.0
12000.0
25000.0
26500.0
7000.0
10000.0
25000.0
15000.0
8500.0
3500.0
5600.0
5850.0
2000.0
25000.0
3000.0
20000.0
15000.0
10000.0
15000.0
6600.0
10000.0
16000.0
14000.0
1650.0
5000.0
30000.0
2000.0
24000.0
25000.0
6000.0
14000.0
17000.0
7500.0
6000.0
26000.0
32000.0
3025.0
14000.0
3000.0
10000.0
30000.0
15000.0
20000.0
39500.0
11000.0
15000.0
10000.0
9500.0
8000.0
35000.0
7500.0
18500.0
22300.0
35000.0
3600.0
35000.0
10000.0
20000.0
15000.0
30000.0
14000.0
10000.0
32000.0
10000.0
3500.0
9500.0
15000.0
3625.0
35000.0
5000.0
19200.0
16550.0
14400.0
10000.0
10000.0
15000.0
20000.0
10000.0
6000.0
3000.0
18000.0
11700.0
8000.0
5000.0
8000.0
4400.0
33500.0
9000.0
5000.0
12000.0
16000.0
19000.0
37000.0
14000.0
6000.0
8500.0
17000.0
36000.0
5600.0
15000.0
10000.0
6275.0
13575.0
10000.0
40000.0
25000.0
35000.0
14000.0
5000.0
30000.0
10000.0
16500.0
5000.0
8000.0
15000.0
12000.0
6000.0
35000.0
6000.0
7000.0
7000.0
20000.0
1000.0
15000.0
40000.0
16000.0
25000.0
10000.0
40000.0
25000.0
17000.0
25200.0
20000.0
40000.0
7200.0
18000.0
12000.0
8000.0
20800.0
5500.0
4000.0
7200.0
25000.0
30000.0
20000.0
6000.0
20000.0
10600.0
18000.0
11500.0
10000.0
32000.0
5000.0
19375.0
20000.0
40000.0
12000.0
10000.0
31000.0
20000.0
8000.0
34525.0
4000.0
15000.0
40000.0
15000.0
24000.0
10500.0
2400.0
12500.0
10000.0
19000.0
40000.0
20000.0
11500.0
30000.0
14400.0
5000.0
13325.0
16000.0
35000.0
30000.0
4500.0
3500.0
10000.0
5000.0
6000.0
17000.0
15000.0
22775.0
12000.0
10000.0
20000.0
24000.0
7000.0
10000.0
8300.0
4425.0
27000.0
32000.0
18600.0
20400.0
10000.0
2800.0
15000.0
22000.0
7000.0
3000.0
10000.0
20000.0
5000.0
1500.0
40000.0
10000.0
8000.0
1000.0
25000.0
14000.0
10000.0
5000.0
4200.0
8800.0
15350.0
10000.0
20000.0
15000.0
4000.0
11000.0
20000.0
24000.0
16000.0
31000.0
8400.0
20000.0
8000.0
6000.0
34075.0
5000.0
20000.0
14000.0
17600.0
20000.0
6600.0
15000.0
9500.0
25000.0
15000.0
23000.0
5000.0
10000.0
20000.0
13000.0
15000.0
20000.0
15000.0
36000.0
36000.0
7200.0
2500.0
10000.0
10000.0
12000.0
19000.0
8500.0
20000.0
35000.0
18000.0
6400.0
22400.0
16000.0
20000.0
17000.0
21000.0
35000.0
20000.0
20000.0
10000.0
3200.0
10000.0
12000.0
3200.0
8000.0
3500.0
6000.0
8000.0
8000.0
5200.0
3000.0
5000.0
8925.0
10000.0
36000.0
5500.0
10000.0
10000.0
6600.0
1600.0
17000.0
35000.0
5500.0
8375.0
2300.0
28000.0
10000.0
9000.0
40000.0
25000.0
15000.0
2500.0
4000.0
40000.0
40000.0
1000.0
15000.0
17000.0
21775.0
16000.0
5000.0
20000.0
24000.0
8000.0
12000.0
20000.0
9000.0
9900.0
9350.0
32000.0
5000.0
11200.0
20000.0
15000.0
30000.0
8700.0
9500.0
12500.0
2000.0
20000.0
25000.0
15000.0
28000.0
16550.0
7000.0
24000.0
15000.0
2400.0
32000.0
5000.0
9000.0
11000.0
26000.0
15000.0
4800.0
21600.0
1000.0
22000.0
17000.0
32700.0
7500.0
30000.0
10000.0
40000.0
13000.0
10000.0
4000.0
11000.0
30000.0
22000.0
27000.0
7500.0
15000.0
35000.0
35000.0
3625.0
18000.0
11000.0
4000.0
8400.0
15000.0
16000.0
8000.0
35000.0
35000.0
12000.0
8000.0
11500.0
6000.0
40000.0
6400.0
35000.0
5000.0
36000.0
7000.0
17000.0
30000.0
20000.0
15000.0
27000.0
24000.0
40000.0
8000.0
10000.0
3200.0
7000.0
16000.0
20000.0
35000.0
30000.0
25000.0
20000.0
10500.0
22000.0
7500.0
12000.0
23000.0
20000.0
36000.0
20000.0
30000.0
10000.0
25000.0
32000.0
40000.0
12000.0
10000.0
30000.0
16800.0
28000.0
8000.0
20000.0
5500.0
10000.0
25500.0
2000.0
30000.0
19150.0
36000.0
25000.0
20000.0
6500.0
3000.0
6000.0
10000.0
12000.0
8500.0
16000.0
25000.0
30000.0
20000.0
27000.0
4500.0
35000.0
20000.0
6000.0
5000.0
20000.0
10000.0
10000.0
40000.0
35000.0
35000.0
24000.0
36000.0
12000.0
35000.0
4500.0
8000.0
18900.0
1000.0
6000.0
20000.0
25000.0
14000.0
14400.0
5000.0
5000.0
12000.0
8000.0
18000.0
16000.0
7000.0
25000.0
4000.0
20000.0
12000.0
10550.0
14000.0
15000.0
18000.0
10000.0
5000.0
40000.0
6900.0
24000.0
5000.0
4500.0
14000.0
24000.0
13000.0
10000.0
32000.0
20000.0
24000.0
10000.0
12000.0
13000.0
15000.0
18900.0
25000.0
32200.0
19000.0
5000.0
20000.0
18500.0
14000.0
30000.0
8125.0
2000.0
4000.0
4000.0
5000.0
1000.0
16000.0
40000.0
24000.0
7000.0
20000.0
16000.0
40000.0
7000.0
4800.0
20000.0
20000.0
25000.0
13000.0
23000.0
20000.0
40000.0
16000.0
20000.0
10000.0
3000.0
8000.0
12000.0
28000.0
5000.0
20000.0
10000.0
10325.0
40000.0
25000.0
14000.0
22000.0
33000.0
17000.0
20000.0
10000.0
3000.0
40000.0
12000.0
20000.0
14500.0
20000.0
40000.0
10000.0
10000.0
2000.0
5700.0
15000.0
31100.0
1000.0
17200.0
35000.0
4800.0
20000.0
7000.0
10000.0
10000.0
15000.0
5000.0
30000.0
10800.0
40000.0
12000.0
22000.0
4600.0
10000.0
40000.0
15000.0
25000.0
7000.0
10000.0
4000.0
12600.0
6000.0
21000.0
6025.0
6000.0
25000.0
35000.0
10575.0
12000.0
10000.0
9600.0
9500.0
20000.0
15000.0
28000.0
16000.0
3350.0
15000.0
40000.0
11200.0
21000.0
10000.0
16000.0
17000.0
20000.0
8000.0
3000.0
16000.0
20000.0
40000.0
10000.0
12000.0
7500.0
5000.0
20000.0
8500.0
10000.0
2000.0
6300.0
30000.0
15000.0
36000.0
19000.0
12000.0
30000.0
25000.0
30000.0
14400.0
4200.0
10000.0
24000.0
12000.0
5400.0
3000.0
30000.0
30000.0
5000.0
25500.0
10000.0
13200.0
15000.0
10000.0
8000.0
32000.0
25000.0
10000.0
30000.0
16000.0
22000.0
30000.0
30000.0
10000.0
9000.0
8175.0
10000.0
12000.0
10000.0
15450.0
30000.0
5000.0
4500.0
35000.0
32000.0
18000.0
14850.0
30000.0
6000.0
23000.0
17000.0
5500.0
10000.0
10000.0
12000.0
6000.0
40000.0
18000.0
2000.0
2200.0
12000.0
24000.0
15000.0
26000.0
17000.0
30000.0
33000.0
20000.0
15000.0
40000.0
12000.0
1550.0
6400.0
20000.0
5000.0
24000.0
11300.0
20000.0
16500.0
14900.0
14000.0
10000.0
40000.0
16800.0
17700.0
4200.0
16000.0
35000.0
35000.0
40000.0
4750.0
7500.0
32000.0
39500.0
7000.0
15600.0
16000.0
10000.0
8000.0
6025.0
7000.0
32000.0
18000.0
10000.0
24000.0
12000.0
15000.0
13000.0
15850.0
11000.0
12000.0
3750.0
40000.0
10000.0
20000.0
14700.0
21500.0
18500.0
20700.0
6000.0
40000.0
40000.0
10000.0
32000.0
25000.0
1000.0
40000.0
10000.0
21000.0
15000.0
28000.0
22425.0
16325.0
13000.0
4200.0
20000.0
25000.0
1100.0
20000.0
15700.0
10000.0
30000.0
10000.0
7500.0
10000.0
28000.0
4000.0
15000.0
5000.0
30000.0
38875.0
40000.0
20000.0
40000.0
24000.0
10000.0
27000.0
15000.0
7000.0
12000.0
10000.0
30000.0
3000.0
36000.0
16000.0
12000.0
7000.0
24000.0
40000.0
2400.0
2500.0
30000.0
10000.0
10000.0
9000.0
28000.0
10000.0
15000.0
40000.0
16000.0
16000.0
10000.0
40000.0
11200.0
9000.0
6000.0
16000.0
10000.0
14000.0
35000.0
6000.0
40000.0
5000.0
9000.0
6000.0
12500.0
5000.0
16000.0
8400.0
10500.0
30000.0
10000.0
2600.0
40000.0
5800.0
4550.0
40000.0
12000.0
1800.0
19000.0
25000.0
36000.0
15000.0
18000.0
19200.0
6600.0
7000.0
10000.0
40000.0
33500.0
14000.0
16000.0
16000.0
14775.0
24675.0
11000.0
32000.0
25000.0
35000.0
9100.0
32000.0
12625.0
7000.0
6000.0
3500.0
30000.0
18000.0
20000.0
16000.0
10000.0
12000.0
5950.0
20000.0
20000.0
10000.0
3000.0
35000.0
20000.0
10000.0
5000.0
10000.0
11000.0
5000.0
2800.0
3000.0
3200.0
36000.0
28000.0
12000.0
15000.0
20000.0
15000.0
1500.0
8000.0
30000.0
19000.0
5000.0
3500.0
10000.0
15000.0
6000.0
29600.0
5000.0
5000.0
30000.0
5000.0
6000.0
35000.0
10000.0
20000.0
10000.0
16000.0
10000.0
15000.0
35000.0
5000.0
12000.0
3000.0
2500.0
15000.0
20000.0
15000.0
15000.0
13000.0
20000.0
17000.0
20000.0
4800.0
10000.0
11000.0
5000.0
28000.0
25000.0
10000.0
25000.0
8000.0
8000.0
25000.0
4000.0
10000.0
20000.0
19000.0
12000.0
20000.0
20000.0
40000.0
28800.0
3000.0
10000.0
28000.0
16000.0
40000.0
2400.0
32000.0
15000.0
14000.0
15000.0
20000.0
10000.0
35000.0
40000.0
19000.0
20000.0
22000.0
30000.0
37000.0
13000.0
5000.0
8000.0
10000.0
10000.0
20000.0
12000.0
36000.0
7500.0
25000.0
40000.0
12000.0
12000.0
30000.0
17000.0
9000.0
25000.0
36000.0
14000.0
1000.0
12150.0
40000.0
40000.0
39000.0
10000.0
32000.0
40000.0
30000.0
11000.0
23000.0
16000.0
10000.0
20000.0
15000.0
3200.0
10000.0
14500.0
35000.0
4800.0
13000.0
10000.0
26000.0
20000.0
20000.0
35000.0
16000.0
15000.0
6000.0
5000.0
1000.0
12000.0
34000.0
2200.0
6400.0
40000.0
9000.0
14400.0
21600.0
16225.0
18000.0
40000.0
21000.0
7000.0
12000.0
5000.0
16500.0
6000.0
12000.0
6000.0
11000.0
18000.0
3500.0
15000.0
12000.0
8250.0
5000.0
35000.0
5000.0
5000.0
4800.0
28000.0
7000.0
20000.0
20000.0
11000.0
15000.0
14400.0
25000.0
7000.0
15000.0
21000.0
10000.0
8000.0
10400.0
9000.0
1000.0
7000.0
20000.0
5000.0
30000.0
13000.0
6000.0
5000.0
10000.0
15000.0
10000.0
28000.0
20000.0
32000.0
34850.0
29775.0
10000.0
5000.0
23425.0
8000.0
8000.0
8500.0
15000.0
16000.0
20000.0
30000.0
35225.0
10000.0
30000.0
20000.0
3600.0
12500.0
14000.0
10000.0
8400.0
28000.0
10000.0
25000.0
7000.0
25000.0
35000.0
40000.0
25000.0
3000.0
10000.0
17000.0
35000.0
27500.0
20000.0
10000.0
10000.0
9000.0
6000.0
5000.0
35000.0
6025.0
28000.0
24000.0
35000.0
16000.0
6500.0
40000.0
10000.0
30000.0
13200.0
15000.0
20000.0
32000.0
12000.0
8700.0
12000.0
13500.0
12000.0
15000.0
7000.0
20000.0
1375.0
10000.0
24000.0
13000.0
5000.0
1000.0
31000.0
25000.0
22200.0
2600.0
32000.0
32000.0
12000.0
34000.0
20000.0
20700.0
20000.0
12000.0
18000.0
4000.0
10000.0
30000.0
17000.0
25000.0
35000.0
6000.0
13275.0
9000.0
24000.0
9600.0
6400.0
24000.0
30000.0
4000.0
16000.0
8000.0
13000.0
5000.0
18000.0
34000.0
30000.0
10000.0
12000.0
25000.0
25000.0
24000.0
15000.0
10000.0
10000.0
27000.0
6400.0
12000.0
10000.0
35000.0
10000.0
18000.0
9000.0
19000.0
25000.0
4000.0
14000.0
8000.0
18000.0
3000.0
5000.0
30000.0
8825.0
10000.0
30700.0
10000.0
15000.0
30000.0
3500.0
15000.0
32000.0
20000.0
7000.0
40000.0
4000.0
6000.0
7200.0
25000.0
30000.0
10850.0
6500.0
10000.0
16000.0
26000.0
9000.0
18000.0
22000.0
5000.0
10400.0
12000.0
20000.0
8250.0
10000.0
1000.0
4000.0
9000.0
18000.0
40000.0
20000.0
16000.0
15000.0
1000.0
8500.0
6000.0
12000.0
15000.0
9600.0
25000.0
4800.0
10000.0
12000.0
27000.0
20000.0
20000.0
20000.0
13000.0
6275.0
9600.0
40000.0
3000.0
27000.0
4500.0
30000.0
7000.0
10000.0
24000.0
2500.0
20000.0
40000.0
14000.0
38000.0
20000.0
16000.0
11200.0
22000.0
6000.0
35300.0
24000.0
35000.0
12000.0
32000.0
4800.0
10000.0
12000.0
16000.0
10000.0
8800.0
10000.0
6000.0
15000.0
5150.0
5000.0
6000.0
3000.0
22200.0
27500.0
2100.0
9000.0
1500.0
16025.0
6000.0
40000.0
15075.0
19200.0
16000.0
10000.0
10000.0
40000.0
40000.0
2500.0
2000.0
16000.0
10400.0
20000.0
5000.0
8000.0
10000.0
22000.0
25000.0
15000.0
7500.0
40000.0
10000.0
1675.0
10000.0
6000.0
12000.0
21000.0
16000.0
30000.0
30000.0
16000.0
29000.0
40000.0
10000.0
1000.0
9000.0
35000.0
28000.0
10000.0
20000.0
15000.0
12000.0
40000.0
14000.0
10000.0
7000.0
3000.0
30000.0
35000.0
22800.0
12000.0
40000.0
2000.0
16000.0
10000.0
35000.0
15000.0
10000.0
10000.0
12000.0
10000.0
21000.0
40000.0
1500.0
32000.0
3000.0
25000.0
35000.0
12500.0
15000.0
30000.0
40000.0
7500.0
35000.0
12800.0
12000.0
5000.0
18000.0
16000.0
10000.0
35200.0
15000.0
35000.0
9000.0
14500.0
4000.0
20000.0
5500.0
18700.0
20000.0
4000.0
24000.0
3500.0
1500.0
20000.0
10000.0
40000.0
12000.0
4000.0
12000.0
30000.0
6500.0
17500.0
20000.0
35000.0
24000.0
2500.0
40000.0
15000.0
5000.0
15000.0
24000.0
5500.0
16000.0
3000.0
5000.0
11200.0
5000.0
19200.0
13000.0
18500.0
9750.0
24000.0
6025.0
14000.0
40000.0
20000.0
4850.0
10000.0
22000.0
11000.0
15000.0
24000.0
7000.0
16000.0
3600.0
22000.0
4400.0
6000.0
17000.0
20000.0
35000.0
15000.0
4500.0
9500.0
8400.0
28000.0
10000.0
5000.0
10000.0
13000.0
11000.0
2800.0
20000.0
12000.0
4500.0
3500.0
8000.0
25000.0
4000.0
10000.0
8000.0
12825.0
15000.0
7500.0
10000.0
3000.0
16000.0
31200.0
12000.0
35000.0
10000.0
22000.0
7000.0
21000.0
2000.0
14000.0
5000.0
6000.0
12000.0
18000.0
1000.0
30000.0
20000.0
7500.0
3000.0
19000.0
25000.0
8000.0
3000.0
21275.0
3000.0
11200.0
20000.0
7600.0
16600.0
16000.0
20000.0
5000.0
3275.0
10500.0
24000.0
6000.0
18200.0
10000.0
4000.0
15000.0
16000.0
6000.0
10175.0
15000.0
15000.0
22000.0
20000.0
5000.0
9000.0
10000.0
4000.0
4400.0
10400.0
1000.0
10000.0
15500.0
25000.0
20000.0
10000.0
12000.0
3025.0
20000.0
17500.0
20000.0
3000.0
6000.0
6025.0
5700.0
6000.0
10000.0
10000.0
1100.0
8000.0
3000.0
40000.0
20000.0
35000.0
20000.0
5000.0
10000.0
3000.0
15000.0
5000.0
31000.0
15000.0
40000.0
20000.0
5600.0
40000.0
12000.0
40000.0
3600.0
8000.0
16000.0
33600.0
15000.0
20000.0
30000.0
35000.0
19000.0
6000.0
16875.0
40000.0
2000.0
3100.0
20000.0
20000.0
18000.0
12000.0
20000.0
20000.0
4000.0
10000.0
12000.0
23000.0
1000.0
16000.0
5000.0
10000.0
10000.0
8000.0
15000.0
12800.0
4000.0
28800.0
16000.0
12000.0
8000.0
8500.0
15000.0
15000.0
20875.0
35000.0
30000.0
30000.0
9800.0
5000.0
30000.0
10500.0
12000.0
35000.0
40000.0
14000.0
12000.0
34675.0
30000.0
10000.0
12000.0
9000.0
10000.0
40000.0
10000.0
6500.0
40000.0
5000.0
16000.0
30000.0
24000.0
24000.0
4950.0
20000.0
20000.0
40000.0
30000.0
6000.0
1000.0
29000.0
20000.0
15000.0
12000.0
26250.0
25000.0
20000.0
15000.0
13000.0
15000.0
15000.0
15000.0
30000.0
17950.0
40000.0
12000.0
2000.0
10000.0
4800.0
13000.0
9000.0
10000.0
6650.0
20000.0
6000.0
5000.0
25000.0
30000.0
16000.0
7000.0
17375.0
30000.0
11400.0
40000.0
15000.0
28000.0
30000.0
23000.0
20000.0
23100.0
3200.0
8250.0
30000.0
20000.0
3000.0
32000.0
10000.0
16000.0
12000.0
6025.0
6200.0
20000.0
35000.0
10000.0
4800.0
16000.0
5000.0
30000.0
16000.0
2000.0
20000.0
35000.0
10000.0
3600.0
7500.0
4000.0
7000.0
16000.0
31000.0
2500.0
10000.0
13000.0
12000.0
31200.0
1000.0
35000.0
12000.0
20000.0
10000.0
35000.0
15000.0
5000.0
20000.0
5000.0
24000.0
9600.0
15000.0
12000.0
12000.0
40000.0
10000.0
10500.0
5000.0
24000.0
1800.0
22000.0
10200.0
10000.0
5000.0
10450.0
18000.0
40000.0
35000.0
2000.0
12000.0
12000.0
30000.0
22350.0
14400.0
16000.0
8400.0
12000.0
19500.0
10000.0
10000.0
35000.0
16800.0
14900.0
5000.0
40000.0
5500.0
20000.0
5000.0
14100.0
2500.0
16000.0
16500.0
32500.0
20000.0
12600.0
17575.0
25000.0
16000.0
10000.0
15000.0
40000.0
10000.0
15000.0
15000.0
10000.0
5000.0
10000.0
5000.0
30000.0
25000.0
30000.0
36200.0
10000.0
13000.0
3000.0
12000.0
20000.0
25000.0
8000.0
25000.0
5000.0
40000.0
6500.0
10000.0
3000.0
5000.0
23800.0
3500.0
3900.0
12000.0
16000.0
12000.0
10000.0
20000.0
10000.0
40000.0
20000.0
34000.0
8000.0
7500.0
25000.0
8000.0
6000.0
15000.0
7000.0
5000.0
16000.0
7000.0
17000.0
15000.0
38000.0
20000.0
20000.0
30000.0
7500.0
12000.0
4000.0
12000.0
14000.0
5000.0
17000.0
12000.0
6000.0
5000.0
11075.0
18000.0
5000.0
10000.0
5000.0
12000.0
16000.0
24000.0
6300.0
16000.0
34225.0
6000.0
7500.0
22000.0
10000.0
5000.0
16500.0
10000.0
5000.0
1100.0
5500.0
6000.0
12000.0
5000.0
6675.0
20000.0
20000.0
30000.0
6500.0
6000.0
10000.0
5000.0
9000.0
16200.0
9000.0
18000.0
4500.0
10000.0
7400.0
16000.0
17000.0
40000.0
8000.0
18000.0
23900.0
20000.0
10000.0
10000.0
24000.0
1000.0
7000.0
5000.0
40000.0
2000.0
12000.0
20000.0
7000.0
40000.0
27650.0
40000.0
5000.0
13000.0
40000.0
10000.0
3500.0
5000.0
3900.0
14400.0
21175.0
38925.0
15600.0
9600.0
8000.0
30000.0
35000.0
24000.0
4400.0
17000.0
6000.0
15000.0
7000.0
36850.0
25000.0
33000.0
20000.0
7200.0
30000.0
1500.0
3500.0
13500.0
10000.0
35000.0
22775.0
16000.0
10000.0
15000.0
11000.0
20000.0
10000.0
10000.0
25000.0
7525.0
3200.0
10000.0
5000.0
20000.0
14400.0
25000.0
10000.0
6000.0
10000.0
20000.0
2500.0
20000.0
16000.0
21000.0
10000.0
16800.0
16500.0
10000.0
10600.0
10000.0
25000.0
23000.0
16000.0
10000.0
10000.0
14000.0
26050.0
14500.0
5000.0
2000.0
40000.0
25000.0
40000.0
10000.0
12000.0
10500.0
6000.0
10000.0
15000.0
24000.0
35000.0
24000.0
15000.0
20000.0
12400.0
35000.0
10000.0
9200.0
7000.0
10000.0
28800.0
7200.0
28000.0
36400.0
35000.0
24000.0
6000.0
25000.0
31600.0
10000.0
4800.0
26600.0
10000.0
8000.0
14000.0
6000.0
12800.0
12000.0
3000.0
10000.0
15000.0
32000.0
20000.0
24000.0
40000.0
8000.0
20000.0
14000.0
14000.0
20000.0
40000.0
12500.0
4000.0
18000.0
18000.0
10000.0
25000.0
15000.0
10000.0
35000.0
15000.0
25000.0
25000.0
1000.0
10000.0
10000.0
10000.0
20000.0
34000.0
20000.0
20000.0
7200.0
10000.0
5000.0
10000.0
15600.0
12000.0
5000.0
35000.0
4500.0
16000.0
35000.0
11000.0
38875.0
35000.0
2000.0
8000.0
20000.0
20000.0
10000.0
16000.0
6000.0
10000.0
10000.0
2300.0
6000.0
25000.0
12000.0
10000.0
12500.0
1800.0
25000.0
10000.0
35000.0
